type,date time,latitude,longitude,accuracy(m),altitude(m),geoid_height(m),speed(m/s),bearing(deg),sat_used,sat_inview,name,desc
T,2021-10-15 03:13:25,40.71952625,-73.96464037,14,12.000,,0.650,118,10,20,20211014-231325,GPS Logger: 20211014-231325
T,2021-10-15 03:13:26,40.71951270,-73.96465007,13,12.000,,0.380,134,10,21,,
T,2021-10-15 03:13:27,40.71949377,-73.96461626,14,13.000,,0.990,90,10,21,,
T,2021-10-15 03:13:28,40.71948517,-73.96460456,13,14.000,,1.330,65,10,21,,
T,2021-10-15 03:13:29,40.71948337,-73.96454226,11,17.000,,1.530,67,12,21,,
T,2021-10-15 03:13:30,40.71948888,-73.96451745,12,17.000,,1.200,67,9,21,,
T,2021-10-15 03:13:31,40.71947999,-73.96449796,11,18.000,,1.220,75,10,21,,
T,2021-10-15 03:13:32,40.71947683,-73.96447953,11,18.000,,1.390,47,8,21,,
T,2021-10-15 03:13:35,40.71947789,-73.96446021,9,12.000,,0.400,52,9,21,,
T,2021-10-15 03:13:36,40.71946944,-73.96444009,10,12.000,,0.700,81,12,21,,
T,2021-10-15 03:13:37,40.71946530,-73.96446119,10,9.000,,0.000,,10,21,,
T,2021-10-15 03:13:38,40.71945495,-73.96443473,11,9.000,,0.640,120,10,21,,
T,2021-10-15 03:13:39,40.71947132,-73.96434983,11,11.000,,1.400,74,10,21,,
T,2021-10-15 03:13:40,40.71949600,-73.96427255,12,10.000,,2.180,68,10,21,,
T,2021-10-15 03:13:41,40.71950213,-73.96423876,12,10.000,,1.300,80,12,21,,
T,2021-10-15 03:13:42,40.71951112,-73.96419006,11,11.000,,0.550,85,11,21,,
T,2021-10-15 03:13:43,40.71951939,-73.96414939,11,11.000,,0.550,68,9,21,,
T,2021-10-15 03:13:44,40.71951930,-73.96412547,10,9.000,,0.520,102,11,21,,
T,2021-10-15 03:13:45,40.71952559,-73.96410419,10,8.000,,0.380,54,11,21,,
T,2021-10-15 03:13:46,40.71952155,-73.96410230,10,6.000,,0.530,10,9,21,,
T,2021-10-15 03:13:47,40.71951089,-73.96409589,10,6.000,,0.000,,9,21,,
T,2021-10-15 03:13:49,40.71950965,-73.96407978,10,4.000,,0.000,,7,21,,
T,2021-10-15 03:13:53,40.71950520,-73.96406616,15,4.000,,0.000,,9,21,,
T,2021-10-15 03:13:56,40.71950582,-73.96405758,20,3.000,,0.000,,8,21,,
T,2021-10-15 03:13:57,40.71947750,-73.96403835,18,3.000,,0.320,169,9,21,,
T,2021-10-15 03:13:58,40.71948183,-73.96404230,19,2.000,,0.000,,6,21,,
T,2021-10-15 03:13:59,40.71949263,-73.96403428,18,3.000,,0.430,24,6,21,,
T,2021-10-15 03:14:01,40.71950656,-73.96402467,19,2.000,,0.640,13,5,21,,
T,2021-10-15 03:14:02,40.71952662,-73.96401696,19,-1.000,,0.800,3,5,21,,
T,2021-10-15 03:14:05,40.71951638,-73.96400291,19,-2.000,,0.660,322,10,21,,
T,2021-10-15 03:14:06,40.71953085,-73.96400225,20,-2.000,,0.700,335,9,20,,
T,2021-10-15 03:14:07,40.71952128,-73.96398113,19,-1.000,,0.190,348,9,20,,
T,2021-10-15 03:14:08,40.71953579,-73.96400819,19,-3.000,,0.720,261,10,21,,
T,2021-10-15 03:14:09,40.71954247,-73.96401528,19,-3.000,,0.420,270,10,21,,
T,2021-10-15 03:14:10,40.71954065,-73.96400457,19,-3.000,,0.000,,10,21,,
T,2021-10-15 03:14:11,40.71955643,-73.96401716,18,-1.000,,0.410,320,8,20,,
T,2021-10-15 03:14:12,40.71954800,-73.96398840,17,0.000,,0.360,152,9,21,,
T,2021-10-15 03:14:13,40.71954060,-73.96396116,17,0.000,,0.500,142,8,21,,
T,2021-10-15 03:14:14,40.71953366,-73.96390604,15,1.000,,1.710,110,6,21,,
T,2021-10-15 03:14:15,40.71952688,-73.96387268,14,3.000,,1.190,114,9,21,,
T,2021-10-15 03:14:16,40.71951676,-73.96381842,13,1.000,,1.480,119,9,21,,
T,2021-10-15 03:14:17,40.71953614,-73.96379622,12,-2.000,,1.040,96,9,21,,
T,2021-10-15 03:14:18,40.71955057,-73.96378825,13,-2.000,,0.840,87,9,21,,
T,2021-10-15 03:14:19,40.71956267,-73.96379435,13,-2.000,,0.450,83,6,21,,
T,2021-10-15 03:14:20,40.71956514,-73.96377847,16,-2.000,,0.610,97,9,21,,
T,2021-10-15 03:14:21,40.71958698,-73.96378083,19,-2.000,,0.450,57,8,21,,
T,2021-10-15 03:14:22,40.71958591,-73.96371860,21,-2.000,,1.370,86,8,21,,
T,2021-10-15 03:14:23,40.71962874,-73.96370219,19,-3.000,,1.090,78,9,21,,
T,2021-10-15 03:14:24,40.71961585,-73.96370500,14,-4.000,,0.350,148,7,20,,
T,2021-10-15 03:14:26,40.71962267,-73.96368431,13,-4.000,,0.350,168,10,21,,
T,2021-10-15 03:14:27,40.71961832,-73.96365670,14,-4.000,,0.510,138,9,21,,
T,2021-10-15 03:14:28,40.71962661,-73.96362495,15,-2.000,,0.910,98,7,21,,
T,2021-10-15 03:14:30,40.71961262,-73.96359964,12,-2.000,,0.820,132,8,21,,
T,2021-10-15 03:14:31,40.71960722,-73.96357275,13,-1.000,,0.880,127,10,21,,
T,2021-10-15 03:14:32,40.71960015,-73.96355688,11,-3.000,,0.440,110,9,21,,
T,2021-10-15 03:14:33,40.71961221,-73.96356628,10,-4.000,,0.240,117,9,21,,
T,2021-10-15 03:14:34,40.71960731,-73.96351407,9,-6.000,,0.510,98,9,21,,
T,2021-10-15 03:14:35,40.71960456,-73.96349968,9,-7.000,,0.340,58,9,21,,
T,2021-10-15 03:14:36,40.71961829,-73.96350039,8,-10.000,,0.000,,9,21,,
T,2021-10-15 03:14:37,40.71962026,-73.96348832,8,-11.000,,0.300,34,9,21,,
T,2021-10-15 03:14:38,40.71960772,-73.96348404,8,-10.000,,0.290,182,9,21,,
T,2021-10-15 03:14:40,40.71959774,-73.96346768,11,-10.000,,0.410,136,9,21,,
T,2021-10-15 03:14:41,40.71959324,-73.96344582,11,-10.000,,0.520,123,9,21,,
T,2021-10-15 03:14:42,40.71960102,-73.96341557,12,-11.000,,0.840,83,8,21,,
T,2021-10-15 03:14:43,40.71960871,-73.96339375,12,-10.000,,1.070,76,9,21,,
T,2021-10-15 03:14:44,40.71962523,-73.96340623,14,-10.000,,0.880,49,9,21,,
T,2021-10-15 03:14:45,40.71963061,-73.96335038,14,-9.000,,1.210,91,9,21,,
T,2021-10-15 03:14:46,40.71959779,-73.96333838,13,-9.000,,1.340,121,8,21,,
T,2021-10-15 03:14:47,40.71958919,-73.96332111,11,-6.000,,1.350,117,10,20,,
T,2021-10-15 03:14:48,40.71956086,-73.96322101,14,-8.000,,2.760,116,10,20,,
T,2021-10-15 03:14:49,40.71954358,-73.96316814,13,-10.000,,1.610,123,10,20,,
T,2021-10-15 03:14:50,40.71953556,-73.96314594,12,-10.000,,1.560,121,10,20,,
T,2021-10-15 03:14:52,40.71953911,-73.96317230,11,-12.000,,0.190,47,10,20,,
T,2021-10-15 03:14:53,40.71952537,-73.96316857,11,-11.000,,0.300,173,10,20,,
T,2021-10-15 03:14:54,40.71950735,-73.96315893,11,-12.000,,0.400,166,10,20,,
T,2021-10-15 03:14:55,40.71950331,-73.96317093,11,-10.000,,0.000,,10,20,,
T,2021-10-15 03:14:57,40.71949463,-73.96317451,11,-8.000,,0.000,,9,20,,
T,2021-10-15 03:14:59,40.71949234,-73.96316148,12,-9.000,,0.000,,11,20,,
T,2021-10-15 03:15:03,40.71948369,-73.96314511,11,-10.000,,0.000,,10,20,,
T,2021-10-15 03:15:11,40.71948320,-73.96313328,11,-12.000,,0.000,,9,20,,
T,2021-10-15 03:15:15,40.71948288,-73.96313187,11,-12.000,,0.000,,9,19,,
T,2021-10-15 03:15:16,40.71947025,-73.96311126,11,-12.000,,0.400,95,9,18,,
T,2021-10-15 03:15:17,40.71943518,-73.96309201,10,-11.000,,0.870,128,9,19,,
T,2021-10-15 03:15:18,40.71940610,-73.96307816,10,-14.000,,1.560,142,9,19,,
T,2021-10-15 03:15:19,40.71938615,-73.96306703,10,-14.000,,1.200,130,6,19,,
T,2021-10-15 03:15:20,40.71937413,-73.96305540,11,-12.000,,0.560,140,7,19,,
T,2021-10-15 03:15:21,40.71935492,-73.96306610,11,-12.000,,0.790,176,9,19,,
T,2021-10-15 03:15:22,40.71934120,-73.96304500,11,-11.000,,0.660,143,8,19,,
T,2021-10-15 03:15:24,40.71932192,-73.96302607,11,-9.000,,0.490,171,6,19,,
T,2021-10-15 03:15:25,40.71931180,-73.96301231,12,-9.000,,0.550,151,6,19,,
T,2021-10-15 03:15:26,40.71931859,-73.96300501,11,-7.000,,0.000,,8,19,,
T,2021-10-15 03:16:01,40.71932566,-73.96299805,11,-11.000,,0.000,,10,19,,
T,2021-10-15 03:16:02,40.71932514,-73.96294639,11,-10.000,,0.600,76,12,19,,
T,2021-10-15 03:16:03,40.71932205,-73.96291201,11,-12.000,,0.990,126,12,19,,
T,2021-10-15 03:16:04,40.71931642,-73.96289121,12,-7.000,,0.470,131,10,19,,
T,2021-10-15 03:16:05,40.71931741,-73.96287093,12,-6.000,,0.620,113,10,19,,
T,2021-10-15 03:16:06,40.71932567,-73.96284827,12,-7.000,,0.610,116,8,19,,
T,2021-10-15 03:16:07,40.71933828,-73.96283185,12,-8.000,,0.760,94,9,19,,
T,2021-10-15 03:16:08,40.71935335,-73.96281287,12,-6.000,,0.830,56,9,19,,
T,2021-10-15 03:16:09,40.71935938,-73.96279565,13,-6.000,,0.900,59,9,19,,
T,2021-10-15 03:16:10,40.71936110,-73.96277260,13,-8.000,,1.060,66,7,19,,
T,2021-10-15 03:16:11,40.71939156,-73.96275947,14,-6.000,,1.260,51,6,19,,
T,2021-10-15 03:16:12,40.71939497,-73.96272114,14,-6.000,,1.330,65,5,19,,
T,2021-10-15 03:16:13,40.71941479,-73.96270203,15,-6.000,,1.430,56,5,19,,
T,2021-10-15 03:16:14,40.71943000,-73.96267615,16,-6.000,,1.490,54,5,19,,
T,2021-10-15 03:16:15,40.71945726,-73.96265241,18,-5.000,,1.770,50,6,19,,
T,2021-10-15 03:16:16,40.71947972,-73.96258959,20,-9.000,,2.140,55,8,19,,
T,2021-10-15 03:16:17,40.71949437,-73.96253058,20,-9.000,,2.230,60,6,19,,
T,2021-10-15 03:16:18,40.71952864,-73.96251899,18,-7.000,,1.920,51,9,19,,
T,2021-10-15 03:16:19,40.71954014,-73.96248155,16,-6.000,,1.830,52,9,19,,
T,2021-10-15 03:16:20,40.71957218,-73.96247195,14,-5.000,,1.630,20,7,19,,
T,2021-10-15 03:16:21,40.71956197,-73.96244764,13,-4.000,,1.410,22,7,19,,
T,2021-10-15 03:16:22,40.71960931,-73.96243559,13,-3.000,,1.630,26,8,19,,
T,2021-10-15 03:16:23,40.71963594,-73.96242161,14,-2.000,,1.630,28,6,19,,
T,2021-10-15 03:16:24,40.71965334,-73.96241235,14,-2.000,,1.580,24,8,19,,
T,2021-10-15 03:16:25,40.71967635,-73.96240833,14,-2.000,,1.490,28,7,19,,
T,2021-10-15 03:16:26,40.71968761,-73.96239663,15,-3.000,,1.510,30,8,18,,
T,2021-10-15 03:16:27,40.71970253,-73.96239969,17,-3.000,,1.210,30,7,19,,
T,2021-10-15 03:16:29,40.71972559,-73.96238876,15,-3.000,,1.240,31,9,19,,
T,2021-10-15 03:16:30,40.71977176,-73.96236462,14,-5.000,,1.450,25,7,19,,
T,2021-10-15 03:16:31,40.71978320,-73.96236056,12,-4.000,,0.160,12,7,19,,
T,2021-10-15 03:16:33,40.71979770,-73.96235496,11,-6.000,,0.480,40,9,19,,
T,2021-10-15 03:16:34,40.71978606,-73.96234499,11,-8.000,,0.320,111,7,19,,
T,2021-10-15 03:16:36,40.71977938,-73.96233076,11,-12.000,,0.620,116,10,19,,
T,2021-10-15 03:16:37,40.71978325,-73.96232127,11,-12.000,,0.000,,10,19,,
T,2021-10-15 03:16:38,40.71977799,-73.96230927,11,-12.000,,0.520,107,11,19,,
T,2021-10-15 03:16:39,40.71979350,-73.96229654,11,-13.000,,0.810,70,11,19,,
T,2021-10-15 03:16:41,40.71979118,-73.96227046,10,-14.000,,0.730,77,10,19,,
T,2021-10-15 03:16:42,40.71978514,-73.96226856,10,-16.000,,0.000,,10,19,,
T,2021-10-15 03:16:44,40.71978358,-73.96226656,10,-16.000,,0.000,,10,19,,
T,2021-10-15 03:16:45,40.71979234,-73.96225161,10,-17.000,,0.840,52,9,19,,
T,2021-10-15 03:16:47,40.71980033,-73.96223749,10,-18.000,,0.620,38,11,19,,
T,2021-10-15 03:16:48,40.71981758,-73.96221569,10,-17.000,,0.750,26,11,19,,
T,2021-10-15 03:16:50,40.71980624,-73.96221433,10,-20.000,,0.490,79,11,19,,
T,2021-10-15 03:16:51,40.71978385,-73.96219948,10,-20.000,,0.720,126,11,19,,
T,2021-10-15 03:16:52,40.71976438,-73.96218727,10,-20.000,,0.820,120,10,19,,
T,2021-10-15 03:16:53,40.71975050,-73.96217495,11,-20.000,,1.000,128,10,19,,
T,2021-10-15 03:16:54,40.71974316,-73.96216635,10,-20.000,,0.920,111,9,19,,
T,2021-10-15 03:16:55,40.71972662,-73.96215036,10,-20.000,,0.930,126,9,19,,
T,2021-10-15 03:16:56,40.71971905,-73.96213407,10,-19.000,,1.090,122,10,19,,
T,2021-10-15 03:16:57,40.71968120,-73.96211110,10,-20.000,,1.510,140,9,19,,
T,2021-10-15 03:16:58,40.71967412,-73.96210882,10,-20.000,,0.000,,9,19,,
T,2021-10-15 03:16:59,40.71967145,-73.96210943,10,-20.000,,0.000,,9,19,,
T,2021-10-15 03:17:00,40.71965811,-73.96209625,10,-20.000,,1.220,141,9,19,,
T,2021-10-15 03:17:02,40.71964519,-73.96207805,4,-18.000,,1.030,126,8,19,,
T,2021-10-15 03:17:04,40.71964141,-73.96204933,4,-20.000,,1.360,126,10,19,,
T,2021-10-15 03:17:05,40.71962457,-73.96203381,4,-21.000,,1.060,126,10,19,,
T,2021-10-15 03:17:07,40.71960956,-73.96200997,4,-20.000,,1.180,126,9,19,,
T,2021-10-15 03:17:09,40.71960342,-73.96199719,4,-18.000,,0.520,126,9,19,,
T,2021-10-15 03:17:10,40.71959369,-73.96198563,4,-18.000,,0.600,126,10,19,,
T,2021-10-15 03:17:11,40.71957913,-73.96197240,4,-17.000,,1.060,127,10,19,,
T,2021-10-15 03:17:12,40.71956902,-73.96195604,4,-18.000,,1.010,127,10,19,,
T,2021-10-15 03:17:15,40.71958010,-73.96195652,4,-19.000,,0.400,127,10,19,,
T,2021-10-15 03:17:17,40.71958592,-73.96194293,4,-20.000,,0.390,126,9,19,,
T,2021-10-15 03:17:20,40.71958041,-73.96192081,4,-17.000,,0.610,127,10,19,,
T,2021-10-15 03:17:21,40.71959019,-73.96191455,4,-18.000,,0.710,127,9,19,,
T,2021-10-15 03:17:22,40.71958367,-73.96190448,4,-16.000,,0.850,127,10,19,,
T,2021-10-15 03:17:23,40.71958022,-73.96189067,4,-17.000,,0.640,127,9,19,,
T,2021-10-15 03:17:24,40.71957594,-73.96187916,4,-19.000,,0.700,127,11,19,,
T,2021-10-15 03:17:25,40.71956802,-73.96185554,4,-20.000,,1.260,91,10,19,,
T,2021-10-15 03:17:26,40.71955289,-73.96185064,4,-20.000,,0.840,116,10,19,,
T,2021-10-15 03:17:28,40.71953063,-73.96182909,4,-22.000,,0.840,116,9,19,,
T,2021-10-15 03:17:29,40.71951954,-73.96182022,5,-22.000,,1.000,120,9,19,,
T,2021-10-15 03:17:30,40.71950656,-73.96180246,6,-22.000,,1.110,117,9,19,,
T,2021-10-15 03:17:31,40.71949003,-73.96179140,6,-21.000,,1.030,129,9,19,,
T,2021-10-15 03:17:33,40.71947232,-73.96177100,6,-21.000,,1.130,128,10,19,,
T,2021-10-15 03:17:34,40.71946138,-73.96175980,6,-21.000,,0.970,129,9,19,,
T,2021-10-15 03:17:35,40.71944988,-73.96174928,7,-20.000,,0.830,130,9,19,,
T,2021-10-15 03:17:36,40.71944082,-73.96174689,7,-19.000,,0.670,124,8,19,,
T,2021-10-15 03:17:37,40.71942819,-73.96175070,7,-19.000,,1.140,140,9,19,,
T,2021-10-15 03:17:38,40.71941373,-73.96173828,7,-19.000,,1.240,134,11,19,,
T,2021-10-15 03:17:40,40.71941454,-73.96172473,6,-17.000,,0.410,130,9,19,,
T,2021-10-15 03:17:41,40.71940079,-73.96172062,6,-15.000,,0.810,141,11,19,,
T,2021-10-15 03:17:43,40.71938664,-73.96172336,6,-13.000,,0.800,120,10,20,,
T,2021-10-15 03:17:44,40.71937340,-73.96170583,6,-13.000,,0.760,136,10,20,,
T,2021-10-15 03:17:45,40.71936062,-73.96168341,6,-13.000,,1.010,131,9,20,,
T,2021-10-15 03:17:46,40.71935232,-73.96166186,5,-10.000,,1.170,130,10,20,,
T,2021-10-15 03:17:47,40.71935366,-73.96166192,5,-11.000,,0.520,130,9,20,,
T,2021-10-15 03:17:48,40.71935073,-73.96166012,5,-10.000,,0.000,,10,20,,
T,2021-10-15 03:17:51,40.71934173,-73.96165638,5,-8.000,,0.000,,10,20,,
T,2021-10-15 03:17:53,40.71933149,-73.96164832,6,-8.000,,0.000,,9,20,,
T,2021-10-15 03:17:55,40.71932027,-73.96163867,6,-7.000,,0.000,,9,20,,
T,2021-10-15 03:17:57,40.71931474,-73.96163322,5,-7.000,,0.000,,8,20,,
T,2021-10-15 03:17:58,40.71929738,-73.96161731,5,-6.000,,0.830,123,9,20,,
T,2021-10-15 03:17:59,40.71927680,-73.96158724,5,-5.000,,1.100,115,10,20,,
T,2021-10-15 03:18:00,40.71925887,-73.96157820,6,-3.000,,1.090,128,11,20,,
T,2021-10-15 03:18:01,40.71924081,-73.96155079,7,-1.000,,1.440,127,9,20,,
T,2021-10-15 03:18:02,40.71923773,-73.96153844,8,-2.000,,1.340,125,9,20,,
T,2021-10-15 03:18:03,40.71922891,-73.96152005,10,-1.000,,1.360,126,9,20,,
T,2021-10-15 03:18:04,40.71921660,-73.96151614,8,-1.000,,1.610,130,9,20,,
T,2021-10-15 03:18:05,40.71923368,-73.96149325,7,-3.000,,0.810,124,10,20,,
T,2021-10-15 03:18:06,40.71921149,-73.96146932,11,-2.000,,1.020,125,9,19,,
T,2021-10-15 03:18:08,40.71918501,-73.96145219,10,-1.000,,0.830,139,10,19,,
T,2021-10-15 03:18:09,40.71917814,-73.96142504,10,1.000,,0.820,119,9,20,,
T,2021-10-15 03:18:11,40.71916381,-73.96139626,11,1.000,,1.000,124,9,20,,
T,2021-10-15 03:18:12,40.71914322,-73.96137676,11,2.000,,1.320,132,8,20,,
T,2021-10-15 03:18:13,40.71912540,-73.96136386,11,-1.000,,1.490,136,10,20,,
T,2021-10-15 03:18:14,40.71911508,-73.96137014,12,-3.000,,1.270,148,8,20,,
T,2021-10-15 03:18:15,40.71908984,-73.96133053,11,-3.000,,1.610,132,9,20,,
T,2021-10-15 03:18:16,40.71907459,-73.96130490,11,-4.000,,1.490,130,9,20,,
T,2021-10-15 03:18:17,40.71909575,-73.96131869,10,-7.000,,0.820,117,10,20,,
T,2021-10-15 03:18:18,40.71907782,-73.96127399,10,-7.000,,1.290,128,10,20,,
T,2021-10-15 03:18:19,40.71909256,-73.96127508,10,-7.000,,0.000,,9,20,,
T,2021-10-15 03:18:20,40.71909153,-73.96126463,10,-8.000,,0.000,,10,20,,
T,2021-10-15 03:18:21,40.71909296,-73.96125682,10,-8.000,,0.720,130,10,20,,
T,2021-10-15 03:18:22,40.71909883,-73.96125226,10,-8.000,,0.000,,10,20,,
T,2021-10-15 03:18:23,40.71910112,-73.96124852,10,-9.000,,0.000,,10,20,,
T,2021-10-15 03:18:24,40.71909328,-73.96123394,10,-10.000,,0.590,141,10,20,,
T,2021-10-15 03:18:25,40.71908136,-73.96120922,10,-9.000,,0.910,124,10,20,,
T,2021-10-15 03:18:26,40.71905893,-73.96117697,10,-7.000,,1.060,144,10,20,,
T,2021-10-15 03:18:28,40.71905415,-73.96115065,10,-9.000,,1.190,144,10,20,,
T,2021-10-15 03:18:29,40.71904472,-73.96113031,10,-9.000,,1.130,144,9,20,,
T,2021-10-15 03:18:30,40.71903661,-73.96111829,10,-9.000,,1.190,144,10,20,,
T,2021-10-15 03:18:31,40.71902591,-73.96110588,10,-10.000,,1.200,144,9,20,,
T,2021-10-15 03:18:32,40.71901425,-73.96109092,10,-10.000,,1.290,144,9,20,,
T,2021-10-15 03:18:33,40.71899803,-73.96107424,10,-10.000,,1.210,144,8,20,,
T,2021-10-15 03:18:34,40.71899583,-73.96106212,10,-11.000,,1.120,144,7,20,,
T,2021-10-15 03:18:35,40.71899604,-73.96104619,4,-13.000,,1.170,144,9,19,,
T,2021-10-15 03:18:36,40.71898654,-73.96103083,4,-14.000,,1.160,144,9,20,,
T,2021-10-15 03:18:37,40.71897821,-73.96100849,4,-14.000,,1.420,126,9,20,,
T,2021-10-15 03:18:38,40.71898752,-73.96101392,4,-17.000,,0.980,144,9,20,,
T,2021-10-15 03:18:42,40.71899670,-73.96100231,4,-21.000,,0.610,144,12,20,,
T,2021-10-15 03:18:45,40.71898656,-73.96098458,7,-19.000,,0.590,144,10,20,,
T,2021-10-15 03:18:46,40.71896532,-73.96097641,8,-18.000,,0.850,144,10,20,,
T,2021-10-15 03:18:47,40.71893748,-73.96096185,10,-18.000,,1.440,148,12,20,,
T,2021-10-15 03:18:48,40.71894988,-73.96098804,8,-18.000,,0.350,144,10,20,,
T,2021-10-15 03:18:49,40.71893763,-73.96098785,7,-17.000,,0.570,127,12,20,,
T,2021-10-15 03:18:51,40.71890918,-73.96098485,6,-19.000,,0.980,132,10,20,,
T,2021-10-15 03:18:52,40.71892604,-73.96100400,7,-20.000,,0.280,144,12,20,,
T,2021-10-15 03:18:53,40.71889498,-73.96096352,6,-20.000,,1.620,131,10,21,,
T,2021-10-15 03:18:54,40.71887990,-73.96095678,5,-20.000,,1.270,128,10,21,,
T,2021-10-15 03:18:55,40.71888017,-73.96093891,5,-21.000,,0.800,122,9,21,,
T,2021-10-15 03:18:56,40.71886814,-73.96091088,5,-22.000,,0.790,126,9,21,,
T,2021-10-15 03:18:57,40.71885979,-73.96089771,5,-22.000,,0.840,130,9,21,,
T,2021-10-15 03:18:58,40.71885057,-73.96087297,5,-22.000,,1.250,122,9,21,,
T,2021-10-15 03:18:59,40.71883902,-73.96085793,5,-22.000,,1.190,126,9,21,,
T,2021-10-15 03:19:00,40.71882891,-73.96084251,5,-23.000,,1.280,122,9,21,,
T,2021-10-15 03:19:01,40.71881638,-73.96082333,5,-21.000,,1.170,124,9,21,,
T,2021-10-15 03:19:02,40.71880548,-73.96079912,5,-20.000,,1.090,108,10,21,,
T,2021-10-15 03:19:03,40.71879020,-73.96078230,6,-20.000,,1.270,121,11,21,,
T,2021-10-15 03:19:04,40.71879628,-73.96079117,5,-22.000,,0.590,99,11,21,,
T,2021-10-15 03:19:05,40.71878446,-73.96074794,6,-20.000,,1.160,96,11,21,,
T,2021-10-15 03:19:06,40.71878164,-73.96073559,6,-20.000,,1.090,85,9,21,,
T,2021-10-15 03:19:07,40.71877313,-73.96071328,6,-19.000,,1.150,98,8,21,,
T,2021-10-15 03:19:08,40.71875309,-73.96072024,6,-19.000,,0.990,122,8,21,,
T,2021-10-15 03:19:09,40.71876210,-73.96070592,6,-21.000,,1.110,113,9,21,,
T,2021-10-15 03:19:11,40.71876279,-73.96069289,7,-21.000,,0.750,108,8,21,,
T,2021-10-15 03:19:12,40.71875093,-73.96069391,9,-21.000,,0.690,134,9,21,,
T,2021-10-15 03:19:13,40.71873636,-73.96072520,10,-20.000,,0.730,199,9,21,,
T,2021-10-15 03:19:14,40.71877319,-73.96071369,10,-20.000,,0.470,7,10,21,,
T,2021-10-15 03:19:15,40.71876778,-73.96072495,9,-20.000,,0.320,19,11,21,,
T,2021-10-15 03:19:17,40.71878845,-73.96074430,8,-22.000,,0.690,11,9,21,,
T,2021-10-15 03:19:18,40.71876730,-73.96071265,7,-20.000,,0.700,19,9,21,,
T,2021-10-15 03:19:19,40.71877198,-73.96070143,8,-19.000,,0.710,23,8,21,,
T,2021-10-15 03:19:20,40.71876635,-73.96071275,9,-19.000,,0.420,5,10,21,,
T,2021-10-15 03:19:22,40.71872778,-73.96071816,11,-18.000,,0.820,199,10,21,,
T,2021-10-15 03:19:23,40.71867165,-73.96068097,12,-19.000,,2.030,162,11,21,,
T,2021-10-15 03:19:24,40.71867039,-73.96064251,13,-18.000,,1.950,140,11,21,,
T,2021-10-15 03:19:26,40.71866548,-73.96060426,10,-17.000,,1.440,123,11,21,,
T,2021-10-15 03:19:27,40.71864122,-73.96056948,9,-16.000,,1.640,127,10,21,,
T,2021-10-15 03:19:28,40.71866775,-73.96058756,9,-16.000,,0.830,117,11,21,,
T,2021-10-15 03:19:29,40.71865841,-73.96057921,9,-17.000,,0.670,100,11,21,,
T,2021-10-15 03:19:30,40.71864785,-73.96058741,9,-17.000,,0.200,56,12,21,,
T,2021-10-15 03:19:31,40.71861868,-73.96056002,9,-18.000,,0.570,116,10,21,,
T,2021-10-15 03:19:32,40.71859295,-73.96054902,8,-18.000,,0.530,131,11,21,,
T,2021-10-15 03:19:33,40.71857877,-73.96052684,7,-17.000,,0.900,119,11,21,,
T,2021-10-15 03:19:34,40.71857025,-73.96050757,7,-18.000,,0.920,110,11,21,,
T,2021-10-15 03:19:35,40.71854413,-73.96049813,6,-17.000,,0.720,132,12,21,,
T,2021-10-15 03:19:36,40.71853995,-73.96046262,6,-15.000,,1.020,103,8,21,,
T,2021-10-15 03:19:37,40.71852396,-73.96045606,6,-16.000,,1.090,117,10,21,,
T,2021-10-15 03:19:38,40.71851405,-73.96044967,5,-15.000,,1.070,116,10,21,,
T,2021-10-15 03:19:39,40.71850573,-73.96041801,6,-16.000,,0.980,120,11,21,,
T,2021-10-15 03:19:40,40.71847941,-73.96038901,5,-13.000,,1.650,130,11,21,,
T,2021-10-15 03:19:42,40.71847182,-73.96036304,5,-14.000,,0.910,119,13,21,,
T,2021-10-15 03:19:43,40.71848128,-73.96035821,5,-16.000,,1.090,127,10,21,,
T,2021-10-15 03:19:46,40.71846794,-73.96034040,4,-13.000,,1.110,126,10,21,,
T,2021-10-15 03:19:47,40.71846021,-73.96033323,4,-13.000,,1.050,126,10,21,,
T,2021-10-15 03:19:49,40.71845128,-73.96032538,6,-12.000,,0.860,126,9,21,,
T,2021-10-15 03:19:51,40.71846314,-73.96030833,7,-14.000,,0.590,126,7,21,,
T,2021-10-15 03:19:52,40.71845259,-73.96028892,6,-14.000,,1.250,129,10,21,,
T,2021-10-15 03:19:53,40.71845490,-73.96027365,6,-13.000,,1.170,126,10,21,,
T,2021-10-15 03:19:54,40.71846780,-73.96027836,6,-12.000,,0.490,126,11,21,,
T,2021-10-15 03:19:55,40.71845604,-73.96026103,5,-11.000,,0.620,126,10,21,,
T,2021-10-15 03:19:56,40.71846756,-73.96025862,5,-12.000,,1.010,119,11,21,,
T,2021-10-15 03:19:57,40.71845630,-73.96025046,5,-12.000,,0.800,126,11,21,,
T,2021-10-15 03:19:58,40.71845018,-73.96024085,5,-13.000,,0.770,126,11,21,,
T,2021-10-15 03:19:59,40.71844380,-73.96022142,5,-13.000,,0.840,125,11,21,,
T,2021-10-15 03:20:02,40.71844318,-73.96019681,4,-15.000,,0.420,125,11,21,,
T,2021-10-15 03:20:03,40.71844632,-73.96017277,5,-16.000,,0.980,46,12,21,,
T,2021-10-15 03:20:06,40.71842644,-73.96014379,6,-17.000,,0.890,122,9,21,,
T,2021-10-15 03:20:07,40.71842906,-73.96013060,8,-18.000,,0.950,106,11,21,,
T,2021-10-15 03:20:08,40.71841561,-73.96012275,10,-19.000,,1.040,124,9,21,,
T,2021-10-15 03:20:09,40.71838031,-73.96014153,10,-20.000,,1.510,174,9,21,,
T,2021-10-15 03:20:10,40.71836371,-73.96005306,11,-20.000,,2.480,126,10,21,,
T,2021-10-15 03:20:12,40.71835499,-73.96003873,9,-21.000,,1.310,132,10,20,,
T,2021-10-15 03:20:13,40.71834169,-73.96004520,8,-22.000,,1.180,132,10,20,,
T,2021-10-15 03:20:14,40.71831849,-73.96004958,8,-22.000,,1.000,139,10,20,,
T,2021-10-15 03:20:15,40.71831019,-73.96004034,8,-22.000,,1.140,136,11,20,,
T,2021-10-15 03:20:16,40.71830627,-73.96002714,8,-22.000,,1.040,127,9,20,,
T,2021-10-15 03:20:17,40.71829309,-73.96000970,8,-23.000,,0.950,128,10,20,,
T,2021-10-15 03:20:18,40.71828073,-73.96001761,8,-22.000,,0.820,126,11,20,,
T,2021-10-15 03:20:19,40.71826108,-73.96001519,8,-21.000,,0.860,138,11,20,,
T,2021-10-15 03:20:21,40.71825410,-73.96000693,9,-22.000,,0.670,114,7,20,,
T,2021-10-15 03:20:22,40.71826187,-73.95997320,10,-22.000,,1.310,105,10,20,,
T,2021-10-15 03:20:23,40.71824515,-73.95995557,9,-21.000,,1.050,119,9,20,,
T,2021-10-15 03:20:25,40.71824953,-73.95989829,9,-21.000,,1.360,105,10,20,,
T,2021-10-15 03:20:26,40.71823352,-73.95989321,8,-21.000,,0.750,116,10,20,,
T,2021-10-15 03:20:27,40.71824384,-73.95987962,8,-22.000,,0.700,104,10,20,,
T,2021-10-15 03:20:28,40.71823073,-73.95987430,8,-22.000,,0.740,128,10,20,,
T,2021-10-15 03:20:29,40.71822085,-73.95987613,8,-23.000,,0.730,145,10,20,,
T,2021-10-15 03:20:30,40.71821302,-73.95986069,8,-22.000,,0.900,125,11,20,,
T,2021-10-15 03:20:31,40.71820722,-73.95981821,8,-19.000,,1.250,105,10,20,,
T,2021-10-15 03:20:32,40.71821326,-73.95978251,7,-18.000,,1.430,92,10,20,,
T,2021-10-15 03:20:33,40.71820743,-73.95975397,8,-18.000,,1.570,98,10,20,,
T,2021-10-15 03:20:34,40.71819743,-73.95973299,8,-18.000,,1.570,104,11,20,,
T,2021-10-15 03:20:35,40.71822515,-73.95975618,7,-23.000,,0.880,23,9,20,,
T,2021-10-15 03:20:36,40.71821846,-73.95976755,7,-23.000,,0.710,21,9,20,,
T,2021-10-15 03:20:37,40.71820611,-73.95975981,7,-23.000,,0.450,58,8,20,,
T,2021-10-15 03:20:38,40.71819033,-73.95977021,7,-25.000,,0.510,146,9,20,,
T,2021-10-15 03:20:39,40.71819821,-73.95972214,7,-23.000,,1.320,81,8,20,,
T,2021-10-15 03:20:40,40.71818439,-73.95972412,7,-23.000,,0.960,126,8,20,,
T,2021-10-15 03:20:41,40.71819387,-73.95972397,6,-25.000,,0.390,106,8,20,,
T,2021-10-15 03:20:42,40.71820362,-73.95970269,6,-28.000,,1.020,114,10,21,,
T,2021-10-15 03:20:44,40.71818371,-73.95969115,10,-27.000,,1.090,127,11,21,,
T,2021-10-15 03:20:45,40.71817334,-73.95967091,11,-28.000,,1.140,119,10,21,,
T,2021-10-15 03:20:46,40.71816513,-73.95964914,11,-27.000,,1.260,117,10,21,,
T,2021-10-15 03:20:48,40.71814176,-73.95963610,11,-26.000,,1.060,133,10,21,,
T,2021-10-15 03:20:49,40.71811764,-73.95963091,11,-25.000,,0.990,124,6,21,,
T,2021-10-15 03:20:50,40.71810195,-73.95961537,11,-24.000,,0.920,121,11,21,,
T,2021-10-15 03:20:51,40.71811751,-73.95961636,10,-26.000,,0.740,68,9,21,,
T,2021-10-15 03:20:52,40.71811979,-73.95959949,10,-26.000,,0.670,99,10,21,,
T,2021-10-15 03:20:53,40.71810632,-73.95959291,10,-26.000,,0.880,132,10,21,,
T,2021-10-15 03:20:54,40.71808598,-73.95958079,11,-25.000,,1.100,150,9,21,,
T,2021-10-15 03:20:57,40.71806379,-73.95956971,10,-24.000,,0.760,132,11,21,,
T,2021-10-15 03:20:58,40.71804323,-73.95954289,10,-20.000,,0.880,124,10,21,,
T,2021-10-15 03:20:59,40.71803360,-73.95953713,10,-21.000,,0.790,130,10,21,,
T,2021-10-15 03:21:00,40.71801736,-73.95951434,11,-20.000,,1.140,126,9,21,,
T,2021-10-15 03:21:02,40.71800502,-73.95950667,11,-22.000,,1.150,124,11,21,,
T,2021-10-15 03:21:03,40.71799339,-73.95947314,11,-20.000,,1.300,113,10,21,,
T,2021-10-15 03:21:04,40.71798732,-73.95946240,11,-19.000,,1.280,114,10,21,,
T,2021-10-15 03:21:05,40.71796914,-73.95944445,11,-19.000,,1.320,122,10,21,,
T,2021-10-15 03:21:07,40.71798442,-73.95942423,10,-19.000,,1.020,88,6,21,,
T,2021-10-15 03:21:08,40.71798213,-73.95939513,10,-18.000,,1.450,88,6,21,,
T,2021-10-15 03:21:10,40.71797504,-73.95936193,10,-20.000,,1.100,83,8,21,,
T,2021-10-15 03:21:11,40.71797526,-73.95934015,10,-19.000,,1.150,98,12,21,,
T,2021-10-15 03:21:13,40.71796726,-73.95933048,10,-20.000,,0.670,119,11,21,,
T,2021-10-15 03:21:14,40.71796394,-73.95931534,10,-20.000,,1.020,118,12,21,,
T,2021-10-15 03:21:16,40.71795182,-73.95930134,9,-21.000,,0.900,126,12,21,,
T,2021-10-15 03:21:17,40.71794403,-73.95929295,10,-21.000,,0.820,129,11,21,,
T,2021-10-15 03:21:19,40.71793864,-73.95927889,10,-22.000,,0.640,113,11,21,,
T,2021-10-15 03:21:21,40.71793096,-73.95926823,10,-23.000,,0.830,113,11,21,,
T,2021-10-15 03:21:23,40.71792071,-73.95926093,10,-26.000,,0.720,83,12,21,,
T,2021-10-15 03:21:24,40.71790680,-73.95924889,11,-26.000,,1.190,114,11,21,,
T,2021-10-15 03:21:25,40.71790392,-73.95922178,10,-26.000,,1.040,117,11,21,,
T,2021-10-15 03:21:27,40.71790036,-73.95918421,10,-26.000,,0.930,122,12,21,,
T,2021-10-15 03:21:28,40.71789171,-73.95917663,10,-25.000,,0.780,129,8,21,,
T,2021-10-15 03:21:29,40.71787607,-73.95918161,10,-24.000,,0.610,103,9,21,,
T,2021-10-15 03:21:30,40.71785818,-73.95917448,10,-23.000,,1.030,106,8,21,,
T,2021-10-15 03:21:32,40.71786031,-73.95915544,10,-22.000,,0.760,59,12,22,,
T,2021-10-15 03:21:35,40.71784150,-73.95912584,10,-17.000,,0.890,97,12,22,,
T,2021-10-15 03:21:36,40.71782339,-73.95910929,10,-17.000,,0.880,120,13,22,,
T,2021-10-15 03:21:37,40.71779281,-73.95910689,10,-16.000,,1.090,136,13,22,,
T,2021-10-15 03:21:38,40.71780345,-73.95910068,9,-18.000,,0.660,104,12,22,,
T,2021-10-15 03:21:39,40.71778728,-73.95908543,10,-17.000,,1.000,103,13,22,,
T,2021-10-15 03:21:40,40.71779807,-73.95908041,9,-17.000,,0.680,73,14,22,,
T,2021-10-15 03:21:41,40.71777489,-73.95906554,9,-19.000,,0.700,141,11,22,,
T,2021-10-15 03:21:42,40.71776071,-73.95905608,9,-18.000,,1.000,156,14,22,,
T,2021-10-15 03:21:43,40.71775544,-73.95904264,9,-18.000,,0.790,118,14,22,,
T,2021-10-15 03:21:44,40.71773960,-73.95903180,9,-18.000,,0.940,139,14,22,,
T,2021-10-15 03:21:45,40.71773332,-73.95902023,9,-18.000,,0.780,119,13,22,,
T,2021-10-15 03:21:46,40.71772286,-73.95901693,9,-18.000,,0.920,126,13,22,,
T,2021-10-15 03:21:48,40.71771510,-73.95900650,9,-20.000,,0.380,156,12,22,,
T,2021-10-15 03:21:49,40.71770076,-73.95899894,10,-20.000,,0.750,153,13,22,,
T,2021-10-15 03:21:50,40.71768628,-73.95899158,10,-20.000,,0.550,169,13,22,,
T,2021-10-15 03:21:52,40.71768180,-73.95897643,10,-23.000,,0.680,110,14,22,,
T,2021-10-15 03:21:53,40.71766845,-73.95895990,10,-23.000,,0.880,122,12,22,,
T,2021-10-15 03:21:54,40.71765218,-73.95894837,10,-22.000,,0.890,129,12,22,,
T,2021-10-15 03:21:55,40.71763460,-73.95893543,10,-22.000,,0.870,132,13,22,,
T,2021-10-15 03:21:56,40.71761804,-73.95891810,10,-21.000,,0.880,129,13,22,,
T,2021-10-15 03:21:58,40.71760222,-73.95890812,10,-22.000,,0.940,140,12,22,,
T,2021-10-15 03:21:59,40.71759023,-73.95889647,10,-22.000,,0.630,141,12,22,,
T,2021-10-15 03:22:00,40.71757715,-73.95888581,10,-21.000,,0.720,146,13,22,,
T,2021-10-15 03:22:01,40.71756575,-73.95888100,11,-20.000,,0.580,155,14,22,,
T,2021-10-15 03:22:02,40.71755540,-73.95888312,11,-20.000,,0.650,218,14,22,,
T,2021-10-15 03:22:03,40.71754370,-73.95887540,11,-20.000,,0.530,187,11,22,,
T,2021-10-15 03:22:04,40.71752871,-73.95885464,11,-19.000,,0.900,149,11,22,,
T,2021-10-15 03:22:05,40.71751332,-73.95883225,10,-19.000,,1.000,131,12,22,,
T,2021-10-15 03:22:06,40.71750187,-73.95880764,10,-20.000,,0.870,105,12,22,,
T,2021-10-15 03:22:08,40.71749331,-73.95878530,10,-22.000,,0.940,122,14,22,,
T,2021-10-15 03:22:09,40.71748628,-73.95877163,10,-22.000,,1.150,128,12,22,,
T,2021-10-15 03:22:11,40.71748276,-73.95875348,9,-22.000,,0.890,119,9,22,,
T,2021-10-15 03:22:12,40.71747304,-73.95874499,10,-22.000,,0.940,112,9,22,,
T,2021-10-15 03:22:13,40.71748039,-73.95873614,10,-24.000,,1.000,94,11,22,,
T,2021-10-15 03:22:14,40.71746522,-73.95872574,10,-23.000,,0.910,124,11,22,,
T,2021-10-15 03:22:15,40.71745951,-73.95871172,10,-25.000,,0.980,133,11,22,,
T,2021-10-15 03:22:16,40.71745408,-73.95869000,10,-23.000,,1.050,117,11,22,,
T,2021-10-15 03:22:17,40.71744569,-73.95867646,10,-23.000,,1.000,117,12,22,,
T,2021-10-15 03:22:18,40.71743608,-73.95865871,10,-22.000,,1.030,111,12,22,,
T,2021-10-15 03:22:20,40.71742754,-73.95862932,10,-21.000,,1.000,120,10,22,,
T,2021-10-15 03:22:21,40.71741320,-73.95861700,10,-20.000,,0.940,131,10,22,,
T,2021-10-15 03:22:22,40.71741750,-73.95859540,10,-19.000,,0.960,94,11,22,,
T,2021-10-15 03:22:23,40.71741026,-73.95858259,10,-18.000,,0.650,87,11,22,,
T,2021-10-15 03:22:24,40.71739592,-73.95857402,10,-18.000,,1.200,140,11,22,,
T,2021-10-15 03:22:25,40.71738783,-73.95855865,9,-18.000,,0.960,126,11,22,,
T,2021-10-15 03:22:26,40.71738137,-73.95854823,9,-17.000,,0.950,128,12,22,,
T,2021-10-15 03:22:27,40.71739846,-73.95853791,9,-20.000,,0.840,118,11,22,,
T,2021-10-15 03:22:29,40.71739936,-73.95852532,9,-20.000,,0.790,126,11,22,,
T,2021-10-15 03:22:32,40.71739197,-73.95850142,10,-21.000,,0.990,129,13,22,,
T,2021-10-15 03:22:33,40.71738827,-73.95848867,10,-22.000,,0.970,131,15,22,,
T,2021-10-15 03:22:34,40.71738634,-73.95847332,10,-22.000,,1.060,114,15,22,,
T,2021-10-15 03:22:35,40.71737498,-73.95846443,10,-22.000,,0.800,120,12,22,,
T,2021-10-15 03:22:36,40.71736607,-73.95845192,10,-22.000,,0.740,115,12,22,,
T,2021-10-15 03:22:38,40.71735584,-73.95843888,10,-21.000,,0.440,115,10,21,,
T,2021-10-15 03:22:39,40.71735145,-73.95842706,10,-21.000,,0.650,99,11,20,,
T,2021-10-15 03:22:40,40.71735681,-73.95840560,10,-21.000,,0.710,50,11,20,,
T,2021-10-15 03:22:41,40.71737172,-73.95838471,10,-23.000,,0.770,50,10,20,,
T,2021-10-15 03:22:42,40.71737929,-73.95837423,10,-24.000,,0.640,23,11,20,,
T,2021-10-15 03:22:43,40.71738513,-73.95836236,10,-24.000,,0.340,8,11,20,,
T,2021-10-15 03:22:44,40.71739711,-73.95834661,10,-25.000,,1.050,16,12,20,,
T,2021-10-15 03:22:45,40.71740674,-73.95831995,10,-26.000,,0.700,50,12,20,,
T,2021-10-15 03:22:46,40.71741716,-73.95830853,10,-27.000,,0.670,28,12,20,,
T,2021-10-15 03:22:48,40.71742435,-73.95828794,10,-28.000,,0.450,14,13,20,,
T,2021-10-15 03:22:49,40.71742721,-73.95827666,10,-27.000,,0.530,24,10,20,,
T,2021-10-15 03:22:50,40.71743824,-73.95826350,10,-29.000,,0.620,6,10,20,,
T,2021-10-15 03:22:51,40.71744530,-73.95825525,10,-29.000,,0.560,359,13,20,,
T,2021-10-15 03:22:53,40.71745373,-73.95823370,10,-29.000,,0.570,16,12,20,,
T,2021-10-15 03:22:54,40.71744855,-73.95821816,10,-28.000,,0.950,65,11,20,,
T,2021-10-15 03:22:55,40.71745165,-73.95819910,11,-29.000,,1.050,84,12,20,,
T,2021-10-15 03:22:56,40.71745862,-73.95818287,10,-29.000,,0.820,45,10,20,,
T,2021-10-15 03:22:57,40.71746408,-73.95817071,11,-28.000,,0.780,25,10,20,,
T,2021-10-15 03:22:58,40.71747112,-73.95815451,10,-28.000,,1.020,16,11,20,,
T,2021-10-15 03:22:59,40.71747353,-73.95814040,10,-28.000,,0.530,31,12,20,,
T,2021-10-15 03:23:00,40.71748103,-73.95812653,10,-29.000,,0.690,24,11,19,,
T,2021-10-15 03:23:01,40.71749177,-73.95811771,10,-29.000,,0.820,356,11,20,,
T,2021-10-15 03:23:02,40.71750055,-73.95811429,10,-29.000,,0.860,359,11,20,,
T,2021-10-15 03:23:03,40.71749569,-73.95809488,10,-29.000,,0.660,38,11,20,,
T,2021-10-15 03:23:04,40.71750204,-73.95807798,11,-28.000,,0.770,45,11,19,,
T,2021-10-15 03:23:05,40.71750521,-73.95806334,10,-28.000,,0.710,61,11,19,,
T,2021-10-15 03:23:06,40.71751666,-73.95804558,10,-27.000,,0.810,38,13,19,,
T,2021-10-15 03:23:07,40.71752025,-73.95804147,10,-27.000,,0.000,,12,19,,
T,2021-10-15 03:23:08,40.71752133,-73.95803434,10,-26.000,,0.000,,13,18,,
T,2021-10-15 03:23:09,40.71753261,-73.95801863,10,-25.000,,0.810,36,13,19,,
T,2021-10-15 03:23:10,40.71753597,-73.95799924,11,-24.000,,0.690,61,13,19,,
T,2021-10-15 03:23:11,40.71755052,-73.95798638,10,-24.000,,1.330,39,13,19,,
T,2021-10-15 03:23:12,40.71756260,-73.95797443,10,-26.000,,1.190,49,13,19,,
T,2021-10-15 03:23:13,40.71756886,-73.95796549,10,-25.000,,0.480,22,13,19,,
T,2021-10-15 03:23:14,40.71757793,-73.95794860,10,-25.000,,1.050,53,13,19,,
T,2021-10-15 03:23:15,40.71758925,-73.95794093,10,-25.000,,0.600,21,13,19,,
T,2021-10-15 03:23:16,40.71759538,-73.95792853,10,-24.000,,0.630,28,11,19,,
T,2021-10-15 03:23:17,40.71760898,-73.95793162,10,-25.000,,0.000,,12,19,,
T,2021-10-15 03:23:18,40.71761209,-73.95792364,10,-25.000,,0.310,115,12,19,,
T,2021-10-15 03:23:19,40.71762522,-73.95791337,10,-25.000,,0.740,28,12,19,,
T,2021-10-15 03:23:20,40.71763682,-73.95790005,10,-25.000,,0.770,41,10,19,,
T,2021-10-15 03:23:21,40.71764800,-73.95788391,10,-24.000,,1.090,28,12,19,,
T,2021-10-15 03:23:22,40.71765295,-73.95786986,10,-23.000,,1.140,69,12,19,,
T,2021-10-15 03:23:23,40.71765561,-73.95784565,11,-22.000,,1.110,77,11,19,,
T,2021-10-15 03:23:24,40.71765658,-73.95785047,10,-21.000,,0.240,52,11,19,,
T,2021-10-15 03:23:25,40.71765912,-73.95785067,10,-21.000,,0.000,,11,19,,
T,2021-10-15 03:23:26,40.71766193,-73.95785001,10,-21.000,,0.000,,11,19,,
T,2021-10-15 03:23:27,40.71767907,-73.95783518,10,-21.000,,1.040,32,10,19,,
T,2021-10-15 03:23:28,40.71769168,-73.95783374,10,-22.000,,0.430,11,12,19,,
T,2021-10-15 03:23:29,40.71770270,-73.95783019,10,-21.000,,0.410,360,12,19,,
T,2021-10-15 03:23:30,40.71770569,-73.95782010,10,-19.000,,0.000,,12,20,,
T,2021-10-15 03:23:31,40.71771777,-73.95780664,10,-18.000,,0.630,20,13,20,,
T,2021-10-15 03:23:32,40.71772634,-73.95778740,10,-19.000,,0.590,33,13,20,,
T,2021-10-15 03:23:34,40.71774277,-73.95777384,10,-20.000,,0.700,43,11,20,,
T,2021-10-15 03:23:35,40.71773661,-73.95776356,10,-20.000,,0.210,101,11,20,,
T,2021-10-15 03:23:36,40.71773901,-73.95774172,10,-19.000,,0.560,88,12,20,,
T,2021-10-15 03:23:37,40.71774844,-73.95774205,10,-18.000,,0.000,,14,20,,
T,2021-10-15 03:23:38,40.71773677,-73.95772166,10,-18.000,,0.720,109,14,20,,
T,2021-10-15 03:23:44,40.71771900,-73.95770984,11,-16.000,,1.310,129,15,19,,
T,2021-10-15 03:23:45,40.71770911,-73.95769483,11,-16.000,,1.160,137,15,19,,
T,2021-10-15 03:23:46,40.71769508,-73.95769068,11,-17.000,,1.040,141,15,20,,
T,2021-10-15 03:23:49,40.71769412,-73.95766514,10,-16.000,,0.860,122,9,21,,
T,2021-10-15 03:23:52,40.71769347,-73.95764965,10,-14.000,,0.920,132,10,21,,
T,2021-10-15 03:23:53,40.71767943,-73.95762877,10,-12.000,,1.170,128,10,21,,
T,2021-10-15 03:23:54,40.71768194,-73.95761423,10,-12.000,,1.100,112,13,21,,
T,2021-10-15 03:23:55,40.71766279,-73.95758755,11,-11.000,,1.230,124,9,21,,
T,2021-10-15 03:23:56,40.71765439,-73.95755604,11,-10.000,,1.200,126,12,21,,
T,2021-10-15 03:23:58,40.71764985,-73.95753152,10,-9.000,,0.670,127,12,21,,
T,2021-10-15 03:24:03,40.71765724,-73.95754786,11,-10.000,,0.240,192,11,21,,
T,2021-10-15 03:24:04,40.71767577,-73.95756673,11,-13.000,,0.000,,10,20,,
T,2021-10-15 03:24:05,40.71768220,-73.95758347,11,-14.000,,0.000,,12,21,,
T,2021-10-15 03:24:07,40.71768827,-73.95759232,12,-15.000,,0.000,,10,21,,
T,2021-10-15 03:24:10,40.71769591,-73.95761146,14,-17.000,,0.000,,10,21,,
T,2021-10-15 03:24:11,40.71769729,-73.95760751,14,-16.000,,0.000,,11,20,,
T,2021-10-15 03:24:12,40.71778250,-73.95759480,13,-14.000,,2.240,1,9,21,,
T,2021-10-15 03:24:13,40.71782864,-73.95758349,12,-13.000,,2.130,6,13,21,,
T,2021-10-15 03:24:15,40.71784913,-73.95757867,11,-14.000,,1.360,3,12,21,,
T,2021-10-15 03:24:16,40.71783899,-73.95757936,12,-13.000,,0.940,4,12,21,,
T,2021-10-15 03:24:18,40.71782494,-73.95757452,12,-14.000,,0.280,90,7,21,,
T,2021-10-15 03:24:19,40.71784046,-73.95757397,12,-15.000,,0.410,5,7,21,,
T,2021-10-15 03:24:22,40.71782908,-73.95758753,14,-15.000,,0.170,169,6,21,,
