type,date time,latitude,longitude,accuracy(m),altitude(m),geoid_height(m),speed(m/s),bearing(deg),sat_used,sat_inview,name,desc
T,2021-10-14 22:55:09,40.71711980,-73.95848403,18,-55.000,,0.230,224,6,19,20211014-185509,GPS Logger: 20211014-185509
T,2021-10-14 22:55:10,40.71711767,-73.95842318,15,-51.000,,0.410,181,7,19,,
T,2021-10-14 22:55:11,40.71712459,-73.95839580,18,-43.000,,0.510,144,7,19,,
T,2021-10-14 22:55:12,40.71712543,-73.95836810,16,-37.000,,0.630,159,5,19,,
T,2021-10-14 22:55:13,40.71713985,-73.95839802,15,-29.000,,0.500,269,6,19,,
T,2021-10-14 22:55:14,40.71718563,-73.95841830,18,-14.000,,0.850,264,6,19,,
T,2021-10-14 22:55:15,40.71719016,-73.95840804,16,-11.000,,0.370,264,6,19,,
T,2021-10-14 22:55:16,40.71719754,-73.95842772,15,-9.000,,0.380,284,6,19,,
T,2021-10-14 22:55:17,40.71720264,-73.95845055,14,-7.000,,0.580,294,6,19,,
T,2021-10-14 22:55:19,40.71721186,-73.95847116,14,-1.000,,0.710,259,6,19,,
T,2021-10-14 22:55:21,40.71720237,-73.95848496,15,7.000,,0.910,224,6,19,,
T,2021-10-14 22:55:23,40.71717827,-73.95851181,13,11.000,,1.070,231,6,19,,
T,2021-10-14 22:55:24,40.71716447,-73.95853344,15,12.000,,1.040,231,6,19,,
T,2021-10-14 22:55:25,40.71709451,-73.95868291,10,-6.000,,1.450,246,6,19,,
T,2021-10-14 22:55:26,40.71711161,-73.95872035,10,-5.000,,1.590,284,6,19,,
T,2021-10-14 22:55:27,40.71711710,-73.95873823,10,-6.000,,1.390,295,7,19,,
T,2021-10-14 22:55:28,40.71710954,-73.95874958,6,-6.000,,1.070,234,7,19,,
T,2021-10-14 22:55:30,40.71708794,-73.95875041,6,-6.000,,0.740,217,7,19,,
T,2021-10-14 22:55:31,40.71706964,-73.95876179,6,-7.000,,0.630,230,7,19,,
T,2021-10-14 22:55:32,40.71704536,-73.95876894,5,-8.000,,0.910,216,7,19,,
T,2021-10-14 22:55:33,40.71702987,-73.95877104,5,-9.000,,0.950,215,7,19,,
T,2021-10-14 22:55:34,40.71702599,-73.95878591,5,-12.000,,0.960,233,8,19,,
T,2021-10-14 22:55:36,40.71701298,-73.95879526,5,-14.000,,0.920,215,7,19,,
T,2021-10-14 22:55:37,40.71699930,-73.95880230,4,-14.000,,1.150,223,8,19,,
T,2021-10-14 22:55:38,40.71699077,-73.95880927,4,-14.000,,0.780,240,7,19,,
T,2021-10-14 22:55:39,40.71698084,-73.95881192,4,-14.000,,0.860,223,7,19,,
T,2021-10-14 22:55:40,40.71696745,-73.95881345,4,-14.000,,0.990,216,7,19,,
T,2021-10-14 22:55:41,40.71695562,-73.95881163,4,-14.000,,0.870,198,8,19,,
T,2021-10-14 22:55:42,40.71693995,-73.95881002,4,-14.000,,0.990,208,8,19,,
T,2021-10-14 22:55:43,40.71692701,-73.95881362,3,-13.000,,1.040,218,8,19,,
T,2021-10-14 22:55:44,40.71691682,-73.95882438,3,-13.000,,1.020,221,8,19,,
T,2021-10-14 22:55:45,40.71690050,-73.95882839,3,-12.000,,0.990,208,8,19,,
T,2021-10-14 22:55:46,40.71688771,-73.95883876,3,-11.000,,1.070,216,8,19,,
T,2021-10-14 22:55:47,40.71687791,-73.95885359,3,-11.000,,1.120,229,8,19,,
T,2021-10-14 22:55:48,40.71686639,-73.95886203,3,-10.000,,1.040,206,8,19,,
T,2021-10-14 22:55:49,40.71685682,-73.95886903,3,-10.000,,0.890,203,8,19,,
T,2021-10-14 22:55:50,40.71684798,-73.95888409,3,-10.000,,0.990,223,8,19,,
T,2021-10-14 22:55:51,40.71683269,-73.95888604,3,-9.000,,0.950,211,8,19,,
T,2021-10-14 22:55:55,40.71682491,-73.95890257,3,-13.000,,0.810,236,8,19,,
T,2021-10-14 22:55:57,40.71681713,-73.95891631,3,-13.000,,0.660,217,9,19,,
T,2021-10-14 22:55:59,40.71681527,-73.95892954,3,-12.000,,0.360,236,9,19,,
T,2021-10-14 22:56:01,40.71680752,-73.95894820,4,-12.000,,0.660,218,9,19,,
T,2021-10-14 22:56:02,40.71680006,-73.95895951,3,-11.000,,0.830,228,9,19,,
T,2021-10-14 22:56:03,40.71679513,-73.95897521,3,-11.000,,0.800,231,9,19,,
T,2021-10-14 22:56:04,40.71679301,-73.95899194,4,-10.000,,0.830,229,9,19,,
T,2021-10-14 22:56:05,40.71679221,-73.95900562,4,-11.000,,0.600,246,9,19,,
T,2021-10-14 22:56:07,40.71679317,-73.95901815,3,-10.000,,0.300,230,9,19,,
T,2021-10-14 22:56:08,40.71679336,-73.95901698,3,-10.000,,0.000,,9,19,,
T,2021-10-14 22:56:09,40.71679131,-73.95901870,3,-10.000,,0.220,229,9,19,,
T,2021-10-14 22:56:10,40.71678801,-73.95903527,3,-11.000,,0.750,229,9,19,,
T,2021-10-14 22:56:11,40.71678650,-73.95903898,3,-12.000,,0.410,229,9,19,,
T,2021-10-14 22:56:12,40.71678814,-73.95903826,3,-12.000,,0.000,,9,19,,
T,2021-10-14 22:56:15,40.71678512,-73.95902411,3,-12.000,,0.000,,7,19,,
T,2021-10-14 22:56:19,40.71678979,-73.95902311,4,-13.000,,0.000,,9,19,,
T,2021-10-14 22:56:20,40.71678587,-73.95901942,4,-12.000,,0.180,229,8,19,,
T,2021-10-14 22:56:21,40.71678520,-73.95901984,4,-12.000,,0.000,,8,19,,
T,2021-10-14 22:56:23,40.71678003,-73.95900897,4,-13.000,,0.000,,8,19,,
T,2021-10-14 22:56:25,40.71677948,-73.95900676,5,-13.000,,0.000,,8,19,,
T,2021-10-14 22:56:26,40.71678018,-73.95901535,5,-13.000,,0.610,229,8,19,,
T,2021-10-14 22:56:27,40.71677418,-73.95903117,4,-15.000,,0.990,229,9,19,,
T,2021-10-14 22:56:28,40.71676847,-73.95904208,4,-16.000,,1.040,229,9,19,,
T,2021-10-14 22:56:31,40.71675047,-73.95906325,3,-15.000,,1.000,229,8,19,,
T,2021-10-14 22:56:32,40.71675021,-73.95907677,3,-14.000,,1.020,229,8,19,,
T,2021-10-14 22:56:34,40.71675766,-73.95910025,3,-15.000,,1.180,292,9,19,,
T,2021-10-14 22:56:35,40.71677726,-73.95914036,3,-19.000,,1.250,289,10,19,,
T,2021-10-14 22:56:37,40.71679307,-73.95915925,4,-21.000,,1.000,316,10,19,,
T,2021-10-14 22:56:39,40.71680764,-73.95917416,5,-23.000,,0.150,229,9,19,,
T,2021-10-14 22:56:40,40.71681461,-73.95918290,6,-22.000,,0.530,229,10,19,,
T,2021-10-14 22:56:41,40.71682678,-73.95919589,6,-23.000,,0.960,315,9,19,,
T,2021-10-14 22:56:43,40.71683419,-73.95920823,7,-23.000,,0.950,306,10,19,,
T,2021-10-14 22:56:44,40.71684096,-73.95922014,7,-23.000,,1.050,306,10,19,,
T,2021-10-14 22:56:45,40.71684649,-73.95923389,6,-22.000,,1.100,308,9,19,,
T,2021-10-14 22:56:46,40.71684984,-73.95924498,6,-21.000,,0.750,308,9,19,,
T,2021-10-14 22:56:47,40.71684914,-73.95926397,6,-21.000,,0.850,308,8,19,,
T,2021-10-14 22:56:49,40.71685978,-73.95927112,7,-21.000,,1.060,308,7,19,,
T,2021-10-14 22:56:50,40.71685286,-73.95929388,8,-22.000,,0.590,308,10,19,,
T,2021-10-14 22:56:52,40.71686137,-73.95930971,8,-22.000,,0.720,308,9,19,,
T,2021-10-14 22:56:53,40.71686030,-73.95932548,8,-21.000,,0.460,308,9,19,,
T,2021-10-14 22:56:54,40.71686751,-73.95933597,7,-21.000,,0.530,308,9,19,,
T,2021-10-14 22:56:55,40.71687964,-73.95933290,7,-21.000,,0.710,308,10,19,,
T,2021-10-14 22:56:56,40.71687631,-73.95936228,7,-21.000,,0.620,308,9,19,,
T,2021-10-14 22:56:57,40.71688610,-73.95940236,7,-23.000,,1.470,309,10,19,,
T,2021-10-14 22:56:58,40.71689960,-73.95940778,7,-23.000,,0.850,307,10,19,,
T,2021-10-14 22:56:59,40.71690624,-73.95942935,7,-23.000,,0.950,307,8,19,,
T,2021-10-14 22:57:01,40.71692060,-73.95943141,9,-23.000,,0.750,307,8,19,,
T,2021-10-14 22:57:02,40.71692336,-73.95945221,9,-23.000,,1.010,310,8,19,,
T,2021-10-14 22:57:03,40.71691275,-73.95949281,10,-23.000,,1.300,282,8,19,,
T,2021-10-14 22:57:04,40.71692289,-73.95948976,10,-22.000,,0.940,302,8,19,,
T,2021-10-14 22:57:06,40.71693266,-73.95949092,8,-20.000,,0.780,300,9,19,,
T,2021-10-14 22:57:07,40.71693753,-73.95950195,8,-20.000,,0.640,288,9,19,,
T,2021-10-14 22:57:08,40.71694918,-73.95951390,9,-22.000,,0.900,308,10,19,,
T,2021-10-14 22:57:09,40.71696118,-73.95951407,10,-21.000,,1.670,318,9,19,,
T,2021-10-14 22:57:10,40.71697121,-73.95954849,10,-22.000,,1.700,306,9,19,,
T,2021-10-14 22:57:11,40.71697196,-73.95956155,9,-21.000,,1.090,304,9,19,,
T,2021-10-14 22:57:12,40.71698474,-73.95956998,8,-20.000,,0.700,294,8,19,,
T,2021-10-14 22:57:13,40.71699781,-73.95957261,8,-19.000,,0.760,304,9,19,,
T,2021-10-14 22:57:14,40.71700336,-73.95956658,7,-19.000,,0.000,,10,19,,
T,2021-10-14 22:57:15,40.71700842,-73.95956617,6,-20.000,,0.410,359,10,19,,
T,2021-10-14 22:57:17,40.71701630,-73.95956036,6,-19.000,,0.380,54,9,18,,
T,2021-10-14 22:57:19,40.71703397,-73.95957816,6,-19.000,,1.050,324,9,18,,
T,2021-10-14 22:57:20,40.71705066,-73.95958168,6,-19.000,,0.720,306,8,18,,
T,2021-10-14 22:57:21,40.71704554,-73.95960127,6,-18.000,,0.760,313,8,18,,
T,2021-10-14 22:57:22,40.71705518,-73.95960817,6,-17.000,,0.860,314,9,18,,
T,2021-10-14 22:57:24,40.71707214,-73.95963231,7,-17.000,,1.080,313,9,18,,
T,2021-10-14 22:57:25,40.71707951,-73.95964750,7,-17.000,,1.160,311,9,18,,
T,2021-10-14 22:57:27,40.71709513,-73.95965484,5,-18.000,,0.520,358,8,18,,
T,2021-10-14 22:57:29,40.71710506,-73.95965684,5,-19.000,,0.620,8,8,18,,
T,2021-10-14 22:57:30,40.71711260,-73.95966681,5,-19.000,,0.680,344,8,18,,
T,2021-10-14 22:57:32,40.71712724,-73.95967857,5,-19.000,,0.840,319,10,18,,
T,2021-10-14 22:57:33,40.71713682,-73.95969698,5,-19.000,,1.020,307,9,18,,
T,2021-10-14 22:57:34,40.71714446,-73.95971411,5,-19.000,,1.100,308,10,18,,
T,2021-10-14 22:57:36,40.71715623,-73.95971993,4,-20.000,,0.890,322,9,18,,
T,2021-10-14 22:57:37,40.71716756,-73.95974090,4,-20.000,,0.930,341,9,18,,
T,2021-10-14 22:57:38,40.71717159,-73.95976031,4,-20.000,,0.920,326,9,18,,
T,2021-10-14 22:57:39,40.71717718,-73.95977666,4,-19.000,,1.020,319,8,18,,
T,2021-10-14 22:57:40,40.71718282,-73.95980260,4,-19.000,,0.630,333,9,18,,
T,2021-10-14 22:57:41,40.71719018,-73.95981519,3,-19.000,,0.750,317,8,18,,
T,2021-10-14 22:57:42,40.71719938,-73.95983175,4,-19.000,,0.960,319,8,18,,
T,2021-10-14 22:57:43,40.71721351,-73.95985502,4,-19.000,,1.240,310,8,18,,
T,2021-10-14 22:57:44,40.71722707,-73.95988361,4,-19.000,,1.510,309,8,18,,
T,2021-10-14 22:57:46,40.71723952,-73.95986749,4,-17.000,,0.870,319,8,18,,
T,2021-10-14 22:57:49,40.71724854,-73.95986472,4,-16.000,,0.900,309,8,18,,
T,2021-10-14 22:57:50,40.71725556,-73.95987581,4,-16.000,,0.990,306,8,18,,
T,2021-10-14 22:57:51,40.71726503,-73.95988336,4,-16.000,,0.880,312,8,18,,
T,2021-10-14 22:57:52,40.71727392,-73.95988670,4,-16.000,,0.790,340,8,18,,
T,2021-10-14 22:57:53,40.71728412,-73.95989504,4,-16.000,,1.050,327,8,18,,
T,2021-10-14 22:57:54,40.71729016,-73.95990620,4,-16.000,,1.060,314,9,18,,
T,2021-10-14 22:57:55,40.71728211,-73.95991763,4,-15.000,,0.700,297,9,18,,
T,2021-10-14 22:57:56,40.71728581,-73.95993242,5,-16.000,,0.530,334,9,18,,
T,2021-10-14 22:57:57,40.71729086,-73.95994480,6,-17.000,,0.610,337,9,18,,
T,2021-10-14 22:57:58,40.71729855,-73.95996704,5,-17.000,,1.290,312,8,18,,
T,2021-10-14 22:57:59,40.71731230,-73.95997813,5,-18.000,,0.850,347,9,18,,
T,2021-10-14 22:58:01,40.71732102,-73.95999273,5,-17.000,,0.990,320,9,18,,
T,2021-10-14 22:58:02,40.71733813,-73.95999412,5,-16.000,,1.100,335,9,18,,
T,2021-10-14 22:58:03,40.71734951,-73.96000809,5,-15.000,,1.100,322,9,18,,
T,2021-10-14 22:58:04,40.71735482,-73.96002427,6,-14.000,,1.010,325,9,18,,
T,2021-10-14 22:58:05,40.71737043,-73.96002825,7,-16.000,,1.040,332,9,18,,
T,2021-10-14 22:58:07,40.71737210,-73.96004211,7,-16.000,,0.520,255,9,18,,
T,2021-10-14 22:58:08,40.71737068,-73.96003401,7,-15.000,,0.390,211,9,18,,
T,2021-10-14 22:58:09,40.71737388,-73.96004292,7,-15.000,,0.000,,10,18,,
T,2021-10-14 22:58:11,40.71738403,-73.96005404,6,-14.000,,0.000,,9,18,,
T,2021-10-14 22:58:12,40.71738609,-73.96005558,5,-14.000,,0.000,,10,18,,
T,2021-10-14 22:58:13,40.71739945,-73.96007635,5,-13.000,,1.190,308,10,18,,
T,2021-10-14 22:58:14,40.71740825,-73.96009438,5,-13.000,,1.150,315,10,18,,
T,2021-10-14 22:58:15,40.71741531,-73.96011359,5,-13.000,,0.430,326,10,19,,
T,2021-10-14 22:58:16,40.71742793,-73.96012921,5,-12.000,,1.700,303,10,19,,
T,2021-10-14 22:58:17,40.71744259,-73.96016453,5,-12.000,,1.670,299,10,19,,
T,2021-10-14 22:58:19,40.71745236,-73.96017157,5,-13.000,,0.860,315,10,19,,
T,2021-10-14 22:58:21,40.71747419,-73.96018708,4,-16.000,,0.970,305,10,19,,
T,2021-10-14 22:58:22,40.71748286,-73.96020174,4,-15.000,,0.980,304,10,19,,
T,2021-10-14 22:58:23,40.71749130,-73.96021568,4,-15.000,,1.090,297,9,19,,
T,2021-10-14 22:58:24,40.71749872,-73.96022425,4,-14.000,,1.090,301,9,19,,
T,2021-10-14 22:58:25,40.71750151,-73.96024244,4,-16.000,,1.160,299,10,19,,
T,2021-10-14 22:58:26,40.71751299,-73.96026188,5,-16.000,,1.460,301,10,19,,
T,2021-10-14 22:58:27,40.71752307,-73.96027488,5,-16.000,,1.430,305,9,19,,
T,2021-10-14 22:58:30,40.71751772,-73.96031118,4,-17.000,,1.230,260,10,19,,
T,2021-10-14 22:58:31,40.71751079,-73.96032186,4,-17.000,,1.150,260,10,19,,
T,2021-10-14 22:58:32,40.71750431,-73.96033346,3,-18.000,,1.080,260,9,19,,
T,2021-10-14 22:58:33,40.71749986,-73.96035111,3,-19.000,,0.950,260,9,19,,
T,2021-10-14 22:58:34,40.71749123,-73.96036406,3,-19.000,,1.090,260,9,19,,
T,2021-10-14 22:58:36,40.71748783,-73.96039131,3,-22.000,,0.870,260,9,19,,
T,2021-10-14 22:58:37,40.71747555,-73.96040244,3,-22.000,,1.020,260,9,19,,
T,2021-10-14 22:58:38,40.71746742,-73.96041725,3,-23.000,,1.090,260,9,19,,
T,2021-10-14 22:58:40,40.71745353,-73.96043834,3,-23.000,,0.930,260,9,19,,
T,2021-10-14 22:58:41,40.71744810,-73.96045189,3,-23.000,,1.080,260,9,19,,
T,2021-10-14 22:58:43,40.71743960,-73.96045936,3,-23.000,,0.840,218,9,19,,
T,2021-10-14 22:58:44,40.71743223,-73.96047241,3,-23.000,,1.090,218,8,19,,
T,2021-10-14 22:58:46,40.71741214,-73.96048205,4,-23.000,,0.740,218,8,19,,
T,2021-10-14 22:58:47,40.71740045,-73.96049963,4,-24.000,,1.310,218,9,19,,
T,2021-10-14 22:58:49,40.71739086,-73.96050520,4,-24.000,,0.860,218,7,19,,
T,2021-10-14 22:58:50,40.71738255,-73.96051212,5,-24.000,,0.840,218,9,19,,
T,2021-10-14 22:58:51,40.71737563,-73.96052188,5,-24.000,,0.870,218,9,19,,
T,2021-10-14 22:58:52,40.71736576,-73.96052738,5,-25.000,,0.870,218,9,19,,
T,2021-10-14 22:58:53,40.71735040,-73.96053305,6,-25.000,,0.850,218,9,19,,
T,2021-10-14 22:58:54,40.71732895,-73.96053001,6,-25.000,,1.020,218,9,19,,
T,2021-10-14 22:58:55,40.71731643,-73.96053702,7,-25.000,,1.230,218,9,19,,
T,2021-10-14 22:58:56,40.71729494,-73.96053986,8,-26.000,,1.660,203,9,19,,
T,2021-10-14 22:58:57,40.71729279,-73.96055183,7,-26.000,,1.310,209,9,19,,
T,2021-10-14 22:58:58,40.71729001,-73.96056452,6,-27.000,,1.130,217,7,19,,
T,2021-10-14 22:58:59,40.71728892,-73.96057766,5,-27.000,,1.110,224,7,19,,
T,2021-10-14 22:59:00,40.71728248,-73.96059059,4,-27.000,,1.060,221,7,19,,
T,2021-10-14 22:59:01,40.71727112,-73.96060212,4,-27.000,,1.160,221,8,19,,
T,2021-10-14 22:59:03,40.71726087,-73.96062264,3,-27.000,,1.160,220,7,19,,
T,2021-10-14 22:59:04,40.71725465,-73.96063301,3,-27.000,,1.090,232,7,19,,
T,2021-10-14 22:59:05,40.71723958,-73.96063893,3,-27.000,,1.120,211,8,19,,
T,2021-10-14 22:59:06,40.71723373,-73.96065082,3,-27.000,,0.970,221,7,19,,
T,2021-10-14 22:59:08,40.71722242,-73.96067066,3,-28.000,,1.100,221,9,19,,
T,2021-10-14 22:59:09,40.71720985,-73.96068060,3,-28.000,,1.140,219,9,19,,
T,2021-10-14 22:59:10,40.71719933,-73.96068794,3,-28.000,,1.190,217,8,19,,
T,2021-10-14 22:59:11,40.71719216,-73.96070085,3,-28.000,,1.120,211,8,19,,
T,2021-10-14 22:59:12,40.71718437,-73.96070787,3,-29.000,,1.140,219,9,19,,
T,2021-10-14 22:59:13,40.71717789,-73.96072433,3,-29.000,,1.220,220,9,19,,
T,2021-10-14 22:59:14,40.71716480,-73.96073029,3,-29.000,,1.180,220,9,19,,
T,2021-10-14 22:59:15,40.71716219,-73.96074638,3,-29.000,,1.060,226,9,18,,
T,2021-10-14 22:59:16,40.71715708,-73.96076452,3,-28.000,,1.130,228,9,19,,
T,2021-10-14 22:59:17,40.71714402,-73.96076926,3,-28.000,,1.050,214,9,19,,
T,2021-10-14 22:59:18,40.71714682,-73.96079101,3,-29.000,,1.110,236,9,19,,
T,2021-10-14 22:59:19,40.71713916,-73.96080571,3,-28.000,,1.110,224,9,19,,
T,2021-10-14 22:59:21,40.71712197,-73.96081951,3,-29.000,,1.000,210,9,19,,
T,2021-10-14 22:59:23,40.71710919,-73.96083818,3,-28.000,,1.050,252,9,19,,
T,2021-10-14 22:59:25,40.71709320,-73.96084373,3,-27.000,,0.660,196,9,19,,
T,2021-10-14 22:59:27,40.71707827,-73.96085254,4,-26.000,,0.440,196,9,19,,
T,2021-10-14 22:59:28,40.71705984,-73.96086134,3,-24.000,,1.350,203,9,19,,
T,2021-10-14 22:59:29,40.71704561,-73.96086686,3,-24.000,,1.150,203,10,19,,
T,2021-10-14 22:59:30,40.71703483,-73.96087261,3,-23.000,,1.090,203,9,19,,
T,2021-10-14 22:59:31,40.71702456,-73.96088303,3,-23.000,,1.170,203,9,19,,
T,2021-10-14 22:59:32,40.71701611,-73.96089288,3,-22.000,,1.010,203,9,19,,
T,2021-10-14 22:59:33,40.71700394,-73.96089884,3,-21.000,,1.130,203,9,19,,
T,2021-10-14 22:59:34,40.71699503,-73.96090412,3,-22.000,,1.140,203,9,19,,
T,2021-10-14 22:59:35,40.71698859,-73.96091252,3,-21.000,,1.070,243,9,19,,
T,2021-10-14 22:59:36,40.71698072,-73.96092400,3,-22.000,,1.100,243,9,19,,
T,2021-10-14 22:59:38,40.71696825,-73.96094140,3,-22.000,,0.970,236,9,19,,
T,2021-10-14 22:59:39,40.71696279,-73.96095484,3,-22.000,,0.980,236,9,19,,
T,2021-10-14 22:59:40,40.71695224,-73.96096176,3,-22.000,,1.030,236,9,19,,
T,2021-10-14 22:59:41,40.71694086,-73.96096980,3,-21.000,,1.110,236,9,19,,
T,2021-10-14 22:59:43,40.71693007,-73.96098726,3,-21.000,,0.960,236,8,19,,
T,2021-10-14 22:59:44,40.71692278,-73.96099731,3,-22.000,,1.110,236,8,19,,
T,2021-10-14 22:59:45,40.71691379,-73.96100667,3,-22.000,,1.230,236,7,19,,
T,2021-10-14 22:59:46,40.71690310,-73.96101276,3,-21.000,,1.200,236,8,19,,
T,2021-10-14 22:59:47,40.71689290,-73.96102117,3,-22.000,,1.160,236,9,19,,
T,2021-10-14 22:59:48,40.71688226,-73.96102622,3,-21.000,,1.210,236,9,19,,
T,2021-10-14 22:59:49,40.71687280,-73.96102237,4,-21.000,,0.970,236,9,19,,
T,2021-10-14 22:59:50,40.71685815,-73.96102948,4,-21.000,,1.120,236,9,19,,
T,2021-10-14 22:59:51,40.71684773,-73.96103462,4,-21.000,,1.130,236,8,19,,
T,2021-10-14 22:59:52,40.71683731,-73.96104318,4,-22.000,,1.160,208,8,19,,
T,2021-10-14 22:59:54,40.71682805,-73.96106396,4,-22.000,,1.200,211,9,19,,
T,2021-10-14 22:59:56,40.71682784,-73.96108372,4,-24.000,,1.070,229,8,19,,
T,2021-10-14 22:59:57,40.71681857,-73.96109236,4,-24.000,,0.950,220,9,19,,
T,2021-10-14 22:59:58,40.71680601,-73.96109912,4,-24.000,,0.980,216,9,19,,
T,2021-10-14 23:00:00,40.71679790,-73.96111069,4,-24.000,,0.630,236,10,18,,
T,2021-10-14 23:00:01,40.71679061,-73.96111769,3,-23.000,,0.930,222,8,19,,
T,2021-10-14 23:00:02,40.71678799,-73.96113289,4,-24.000,,0.870,241,8,19,,
T,2021-10-14 23:00:03,40.71677736,-73.96113687,3,-24.000,,0.940,218,8,19,,
T,2021-10-14 23:00:04,40.71676077,-73.96114137,3,-22.000,,1.130,218,9,19,,
T,2021-10-14 23:00:05,40.71675181,-73.96114967,3,-22.000,,1.180,217,9,19,,
T,2021-10-14 23:00:06,40.71674861,-73.96116287,4,-22.000,,1.030,207,8,19,,
T,2021-10-14 23:00:07,40.71673842,-73.96116735,4,-22.000,,1.100,206,10,19,,
T,2021-10-14 23:00:08,40.71672929,-73.96117995,4,-22.000,,1.120,222,10,19,,
T,2021-10-14 23:00:10,40.71671086,-73.96119201,4,-22.000,,1.220,218,10,19,,
T,2021-10-14 23:00:11,40.71670014,-73.96118946,4,-22.000,,0.970,218,10,19,,
T,2021-10-14 23:00:12,40.71668664,-73.96120804,4,-22.000,,1.240,215,10,19,,
T,2021-10-14 23:00:14,40.71666171,-73.96120738,4,-22.000,,1.560,202,10,19,,
T,2021-10-14 23:00:15,40.71665255,-73.96121632,4,-22.000,,1.300,211,10,19,,
T,2021-10-14 23:00:16,40.71664220,-73.96121163,4,-22.000,,1.240,176,10,19,,
T,2021-10-14 23:00:18,40.71663495,-73.96123167,4,-20.000,,1.070,218,10,19,,
T,2021-10-14 23:00:19,40.71663292,-73.96125478,4,-20.000,,0.680,232,10,19,,
T,2021-10-14 23:00:20,40.71662006,-73.96125521,4,-20.000,,0.870,232,10,19,,
T,2021-10-14 23:00:21,40.71661458,-73.96127087,5,-20.000,,1.110,232,10,19,,
T,2021-10-14 23:00:23,40.71659854,-73.96130190,6,-21.000,,1.260,232,10,19,,
T,2021-10-14 23:00:24,40.71659207,-73.96131198,6,-22.000,,1.040,232,10,19,,
T,2021-10-14 23:00:25,40.71658897,-73.96132756,6,-21.000,,0.960,232,10,19,,
T,2021-10-14 23:00:27,40.71658163,-73.96135554,6,-22.000,,0.820,223,10,19,,
T,2021-10-14 23:00:28,40.71657664,-73.96136920,5,-21.000,,0.940,223,10,19,,
T,2021-10-14 23:00:29,40.71656967,-73.96138155,5,-22.000,,0.780,223,10,19,,
T,2021-10-14 23:00:30,40.71655963,-73.96138927,6,-22.000,,1.050,223,10,19,,
T,2021-10-14 23:00:31,40.71655456,-73.96139918,5,-22.000,,0.890,223,10,19,,
T,2021-10-14 23:00:32,40.71654865,-73.96141012,6,-22.000,,0.710,223,10,19,,
T,2021-10-14 23:00:33,40.71653853,-73.96142562,6,-22.000,,1.040,223,9,19,,
T,2021-10-14 23:00:34,40.71652988,-73.96143757,6,-22.000,,0.990,223,9,19,,
T,2021-10-14 23:00:35,40.71652302,-73.96145237,6,-22.000,,0.990,224,10,19,,
T,2021-10-14 23:00:36,40.71651323,-73.96145784,6,-22.000,,1.080,224,10,19,,
T,2021-10-14 23:00:37,40.71650133,-73.96146602,6,-22.000,,1.110,224,10,19,,
T,2021-10-14 23:00:38,40.71649511,-73.96147498,5,-22.000,,1.130,224,10,19,,
T,2021-10-14 23:00:39,40.71648899,-73.96148897,5,-21.000,,1.040,224,9,19,,
T,2021-10-14 23:00:40,40.71649432,-73.96150669,5,-21.000,,1.100,267,9,19,,
T,2021-10-14 23:00:41,40.71649370,-73.96151955,4,-20.000,,0.980,280,10,19,,
T,2021-10-14 23:00:43,40.71650663,-73.96152942,4,-20.000,,0.650,280,10,19,,
T,2021-10-14 23:00:46,40.71651688,-73.96154745,5,-20.000,,0.910,280,11,19,,
T,2021-10-14 23:00:48,40.71653036,-73.96156428,5,-20.000,,0.720,280,10,19,,
T,2021-10-14 23:00:50,40.71654013,-73.96157398,4,-19.000,,0.950,280,11,19,,
T,2021-10-14 23:00:53,40.71655811,-73.96158258,4,-20.000,,0.820,280,11,19,,
T,2021-10-14 23:00:54,40.71655993,-73.96159543,5,-18.000,,0.760,280,11,19,,
T,2021-10-14 23:00:55,40.71657138,-73.96161086,5,-17.000,,1.360,342,11,19,,
T,2021-10-14 23:00:56,40.71658178,-73.96161830,5,-17.000,,1.140,348,11,19,,
T,2021-10-14 23:00:57,40.71659494,-73.96162373,5,-17.000,,1.090,5,11,19,,
T,2021-10-14 23:00:58,40.71660752,-73.96163430,5,-16.000,,1.120,353,11,19,,
T,2021-10-14 23:00:59,40.71661573,-73.96164072,5,-15.000,,0.960,339,11,19,,
T,2021-10-14 23:01:00,40.71662245,-73.96164917,6,-15.000,,1.010,280,11,19,,
T,2021-10-14 23:01:01,40.71663254,-73.96165756,6,-15.000,,1.060,332,10,19,,
T,2021-10-14 23:01:02,40.71663976,-73.96166541,6,-14.000,,0.890,331,10,19,,
T,2021-10-14 23:01:03,40.71665211,-73.96166848,8,-14.000,,1.100,356,9,19,,
T,2021-10-14 23:01:04,40.71665845,-73.96168277,8,-14.000,,1.050,321,9,19,,
T,2021-10-14 23:01:05,40.71666736,-73.96169871,9,-14.000,,1.140,315,10,19,,
T,2021-10-14 23:01:07,40.71668231,-73.96171891,10,-14.000,,1.220,339,9,18,,
T,2021-10-14 23:01:08,40.71669426,-73.96173051,10,-13.000,,1.190,331,9,18,,
T,2021-10-14 23:01:09,40.71669649,-73.96174597,10,-14.000,,1.040,315,10,18,,
T,2021-10-14 23:01:11,40.71670014,-73.96175933,8,-13.000,,1.100,306,10,18,,
T,2021-10-14 23:01:13,40.71671798,-73.96177567,7,-12.000,,1.080,322,9,18,,
T,2021-10-14 23:01:14,40.71672848,-73.96178843,8,-11.000,,1.010,335,9,18,,
T,2021-10-14 23:01:16,40.71673993,-73.96181886,8,-11.000,,0.840,320,10,18,,
T,2021-10-14 23:01:18,40.71676352,-73.96184269,8,-11.000,,1.130,339,11,18,,
T,2021-10-14 23:01:20,40.71677574,-73.96186007,8,-10.000,,1.090,333,9,18,,
T,2021-10-14 23:01:21,40.71679060,-73.96188398,9,-9.000,,1.310,321,8,18,,
T,2021-10-14 23:01:22,40.71679971,-73.96190567,9,-11.000,,1.320,317,8,18,,
T,2021-10-14 23:01:23,40.71681482,-73.96190408,9,-10.000,,1.210,6,10,18,,
T,2021-10-14 23:01:24,40.71682479,-73.96192678,10,-10.000,,1.100,340,10,18,,
T,2021-10-14 23:01:25,40.71682098,-73.96195123,10,-10.000,,0.650,328,8,18,,
T,2021-10-14 23:01:26,40.71682854,-73.96197713,9,-10.000,,1.000,330,7,18,,
T,2021-10-14 23:01:27,40.71682818,-73.96199585,9,-10.000,,1.000,294,9,18,,
T,2021-10-14 23:01:28,40.71683380,-73.96201830,9,-10.000,,1.040,312,9,18,,
T,2021-10-14 23:01:29,40.71683462,-73.96203696,8,-11.000,,1.220,285,8,18,,
T,2021-10-14 23:01:31,40.71683790,-73.96208083,9,-14.000,,1.150,316,8,18,,
T,2021-10-14 23:01:32,40.71685053,-73.96209965,10,-14.000,,1.160,318,9,18,,
T,2021-10-14 23:01:33,40.71685031,-73.96211736,11,-16.000,,1.170,316,9,18,,
T,2021-10-14 23:01:34,40.71685555,-73.96214424,12,-17.000,,1.250,310,10,18,,
T,2021-10-14 23:01:35,40.71685245,-73.96217138,13,-18.000,,1.200,295,9,18,,
T,2021-10-14 23:01:36,40.71685242,-73.96219640,13,-19.000,,1.220,292,9,18,,
T,2021-10-14 23:01:37,40.71684904,-73.96222897,12,-19.000,,1.020,292,10,18,,
T,2021-10-14 23:01:38,40.71685345,-73.96224420,12,-20.000,,1.150,303,12,18,,
T,2021-10-14 23:01:39,40.71686461,-73.96225209,12,-20.000,,1.140,311,11,18,,
T,2021-10-14 23:01:40,40.71687295,-73.96225797,12,-21.000,,1.150,315,10,18,,
T,2021-10-14 23:01:41,40.71686995,-73.96228616,15,-21.000,,1.240,306,11,18,,
T,2021-10-14 23:01:42,40.71687757,-73.96229491,13,-22.000,,1.250,316,12,18,,
T,2021-10-14 23:01:43,40.71688906,-73.96230371,13,-22.000,,1.240,317,12,18,,
T,2021-10-14 23:01:44,40.71690109,-73.96231396,12,-21.000,,1.250,320,12,18,,
T,2021-10-14 23:01:46,40.71691212,-73.96233332,11,-22.000,,1.190,319,11,18,,
T,2021-10-14 23:01:47,40.71691365,-73.96236066,11,-22.000,,1.200,312,11,18,,
T,2021-10-14 23:01:48,40.71693288,-73.96234758,8,-23.000,,1.100,326,11,17,,
T,2021-10-14 23:01:49,40.71694935,-73.96235343,8,-23.000,,1.180,331,11,17,,
T,2021-10-14 23:01:50,40.71696793,-73.96235972,9,-21.000,,1.310,336,11,17,,
T,2021-10-14 23:01:51,40.71697704,-73.96236211,8,-21.000,,1.230,342,11,17,,
T,2021-10-14 23:01:52,40.71698689,-73.96236950,7,-21.000,,1.170,341,10,17,,
T,2021-10-14 23:01:53,40.71700491,-73.96236883,8,-21.000,,1.180,341,10,17,,
T,2021-10-14 23:01:54,40.71700852,-73.96238202,8,-22.000,,1.120,335,10,17,,
T,2021-10-14 23:01:55,40.71700901,-73.96240732,9,-21.000,,1.190,322,10,17,,
T,2021-10-14 23:01:56,40.71702504,-73.96240759,8,-21.000,,1.180,335,11,17,,
T,2021-10-14 23:01:57,40.71702345,-73.96243125,9,-21.000,,1.070,326,11,17,,
T,2021-10-14 23:01:58,40.71702502,-73.96245937,10,-21.000,,1.200,314,9,17,,
T,2021-10-14 23:01:59,40.71704573,-73.96244478,10,-21.000,,1.150,322,10,18,,
T,2021-10-14 23:02:00,40.71704378,-73.96247415,10,-21.000,,1.230,310,10,18,,
T,2021-10-14 23:02:01,40.71704725,-73.96248916,10,-21.000,,1.190,306,10,18,,
T,2021-10-14 23:02:02,40.71704258,-73.96251515,11,-22.000,,1.190,302,8,18,,
T,2021-10-14 23:02:04,40.71707358,-73.96247806,7,-24.000,,1.070,311,9,18,,
T,2021-10-14 23:02:05,40.71708497,-73.96249738,6,-22.000,,1.120,319,9,18,,
T,2021-10-14 23:02:06,40.71710311,-73.96247939,6,-23.000,,1.250,313,9,18,,
T,2021-10-14 23:02:07,40.71711973,-73.96247383,5,-23.000,,1.220,314,9,19,,
T,2021-10-14 23:02:08,40.71713943,-73.96246064,6,-23.000,,1.210,350,8,19,,
T,2021-10-14 23:02:09,40.71716306,-73.96245237,5,-22.000,,1.260,350,8,19,,
T,2021-10-14 23:02:10,40.71713857,-73.96249206,4,-23.000,,1.090,324,8,19,,
T,2021-10-14 23:02:11,40.71713865,-73.96251085,4,-24.000,,1.130,322,8,19,,
T,2021-10-14 23:02:12,40.71713650,-73.96253369,4,-24.000,,1.130,316,9,19,,
T,2021-10-14 23:02:13,40.71714807,-73.96254319,5,-24.000,,1.190,308,9,19,,
T,2021-10-14 23:02:14,40.71715672,-73.96255213,5,-23.000,,1.240,309,9,19,,
T,2021-10-14 23:02:15,40.71717242,-73.96255397,5,-23.000,,1.310,319,9,19,,
T,2021-10-14 23:02:16,40.71718084,-73.96256973,5,-22.000,,1.350,300,8,19,,
T,2021-10-14 23:02:18,40.71719692,-73.96258928,5,-23.000,,1.150,309,8,19,,
T,2021-10-14 23:02:20,40.71721204,-73.96259588,4,-24.000,,1.160,323,8,19,,
T,2021-10-14 23:02:21,40.71721273,-73.96261822,4,-24.000,,1.190,312,9,19,,
T,2021-10-14 23:02:22,40.71721657,-73.96263861,4,-24.000,,1.190,309,9,19,,
T,2021-10-14 23:02:24,40.71723079,-73.96266096,3,-24.000,,1.220,312,9,18,,
T,2021-10-14 23:02:26,40.71724544,-73.96267158,3,-26.000,,1.070,333,10,18,,
T,2021-10-14 23:02:27,40.71725454,-73.96268129,3,-26.000,,1.030,325,10,18,,
T,2021-10-14 23:02:28,40.71726102,-73.96269257,4,-25.000,,1.110,311,10,18,,
T,2021-10-14 23:02:29,40.71726371,-73.96271308,3,-26.000,,1.180,302,11,18,,
T,2021-10-14 23:02:30,40.71727000,-73.96272444,3,-25.000,,1.160,310,10,18,,
T,2021-10-14 23:02:31,40.71727426,-73.96273839,3,-25.000,,1.240,310,10,18,,
T,2021-10-14 23:02:33,40.71727896,-73.96275034,3,-26.000,,0.860,311,11,18,,
T,2021-10-14 23:02:35,40.71728797,-73.96276519,3,-26.000,,0.560,311,12,18,,
T,2021-10-14 23:02:37,40.71729657,-73.96277555,3,-26.000,,0.690,328,11,18,,
T,2021-10-14 23:02:39,40.71730923,-73.96278586,3,-26.000,,0.560,328,12,18,,
T,2021-10-14 23:02:41,40.71732093,-73.96280686,3,-26.000,,1.120,328,11,18,,
T,2021-10-14 23:02:42,40.71732924,-73.96282005,3,-26.000,,1.200,328,11,18,,
T,2021-10-14 23:02:43,40.71733325,-73.96283816,3,-26.000,,1.040,328,11,18,,
T,2021-10-14 23:02:44,40.71734146,-73.96284682,3,-26.000,,1.190,307,11,18,,
T,2021-10-14 23:02:45,40.71734867,-73.96286214,3,-26.000,,1.240,307,12,18,,
T,2021-10-14 23:02:46,40.71735723,-73.96288526,3,-25.000,,1.320,307,12,18,,
T,2021-10-14 23:02:47,40.71736382,-73.96289600,3,-25.000,,1.240,307,12,18,,
T,2021-10-14 23:02:48,40.71737054,-73.96290780,3,-25.000,,1.200,307,12,18,,
T,2021-10-14 23:02:49,40.71737717,-73.96292078,3,-25.000,,1.290,307,12,18,,
T,2021-10-14 23:02:50,40.71738452,-73.96292959,3,-26.000,,1.210,307,8,18,,
T,2021-10-14 23:02:51,40.71739111,-73.96294480,3,-26.000,,1.250,307,8,18,,
T,2021-10-14 23:02:52,40.71740121,-73.96295322,3,-26.000,,1.130,307,12,18,,
T,2021-10-14 23:02:53,40.71740960,-73.96296695,4,-26.000,,1.270,307,12,18,,
T,2021-10-14 23:02:54,40.71741830,-73.96297738,5,-26.000,,1.260,318,12,18,,
T,2021-10-14 23:02:55,40.71742416,-73.96299327,5,-26.000,,1.090,317,12,18,,
T,2021-10-14 23:02:56,40.71743252,-73.96300455,5,-25.000,,1.200,316,12,18,,
T,2021-10-14 23:02:57,40.71742941,-73.96303158,5,-25.000,,1.330,281,12,18,,
T,2021-10-14 23:02:59,40.71744601,-73.96302900,4,-27.000,,0.920,324,12,18,,
T,2021-10-14 23:03:01,40.71746400,-73.96304564,5,-27.000,,1.130,324,12,18,,
T,2021-10-14 23:03:02,40.71747449,-73.96304000,5,-28.000,,0.910,336,13,18,,
T,2021-10-14 23:03:03,40.71748638,-73.96304421,6,-27.000,,0.900,344,13,18,,
T,2021-10-14 23:03:04,40.71750205,-73.96304591,5,-27.000,,0.870,333,13,18,,
T,2021-10-14 23:03:05,40.71751034,-73.96305754,5,-27.000,,0.900,340,13,18,,
T,2021-10-14 23:03:06,40.71752639,-73.96305951,5,-27.000,,1.010,329,13,18,,
T,2021-10-14 23:03:07,40.71752874,-73.96307826,4,-27.000,,1.210,321,13,18,,
T,2021-10-14 23:03:08,40.71752939,-73.96310680,4,-27.000,,1.180,318,13,18,,
T,2021-10-14 23:03:09,40.71754315,-73.96311109,4,-26.000,,1.130,318,13,18,,
T,2021-10-14 23:03:10,40.71755419,-73.96311346,4,-26.000,,1.180,315,12,18,,
T,2021-10-14 23:03:11,40.71756720,-73.96311625,4,-26.000,,1.110,316,12,18,,
T,2021-10-14 23:03:12,40.71757391,-73.96313439,3,-26.000,,1.010,316,11,18,,
T,2021-10-14 23:03:13,40.71758912,-73.96314853,3,-25.000,,1.110,316,12,18,,
T,2021-10-14 23:03:14,40.71760049,-73.96316642,3,-24.000,,1.220,316,14,18,,
T,2021-10-14 23:03:15,40.71760505,-73.96317705,3,-24.000,,0.980,314,10,18,,
T,2021-10-14 23:03:16,40.71762282,-73.96317919,3,-23.000,,0.970,315,13,18,,
T,2021-10-14 23:03:17,40.71763561,-73.96318704,3,-23.000,,1.220,315,13,18,,
T,2021-10-14 23:03:18,40.71764555,-73.96319479,3,-23.000,,1.130,315,13,18,,
T,2021-10-14 23:03:19,40.71765868,-73.96319922,3,-23.000,,1.230,315,13,18,,
T,2021-10-14 23:03:20,40.71767241,-73.96321297,3,-22.000,,1.310,315,12,18,,
T,2021-10-14 23:03:21,40.71768444,-73.96322005,3,-22.000,,1.290,315,11,18,,
T,2021-10-14 23:03:22,40.71769186,-73.96322963,3,-23.000,,1.260,315,12,18,,
T,2021-10-14 23:03:24,40.71770697,-73.96324298,4,-23.000,,1.220,315,12,18,,
T,2021-10-14 23:03:25,40.71771115,-73.96325756,3,-23.000,,1.160,307,12,18,,
T,2021-10-14 23:03:26,40.71771475,-73.96326987,3,-23.000,,1.170,307,12,18,,
T,2021-10-14 23:03:27,40.71772448,-73.96327907,4,-23.000,,1.370,310,11,18,,
T,2021-10-14 23:03:28,40.71773122,-73.96328916,4,-23.000,,1.230,310,12,18,,
T,2021-10-14 23:03:29,40.71773828,-73.96330179,4,-23.000,,1.130,319,12,18,,
T,2021-10-14 23:03:30,40.71774747,-73.96331565,4,-23.000,,1.340,318,12,18,,
T,2021-10-14 23:03:31,40.71775530,-73.96332163,3,-23.000,,1.140,318,12,18,,
T,2021-10-14 23:03:32,40.71776317,-73.96333290,3,-23.000,,1.180,307,11,18,,
T,2021-10-14 23:03:33,40.71776942,-73.96334216,4,-23.000,,1.130,307,11,18,,
T,2021-10-14 23:03:34,40.71778617,-73.96334193,4,-23.000,,1.380,308,11,18,,
T,2021-10-14 23:03:35,40.71779845,-73.96335706,4,-22.000,,1.280,308,11,18,,
T,2021-10-14 23:03:36,40.71780925,-73.96336971,4,-21.000,,1.250,308,12,18,,
T,2021-10-14 23:03:37,40.71782023,-73.96337893,4,-21.000,,1.330,322,12,18,,
T,2021-10-14 23:03:38,40.71783003,-73.96339539,4,-20.000,,1.450,322,11,18,,
T,2021-10-14 23:03:39,40.71783541,-73.96341364,4,-20.000,,1.300,322,11,18,,
T,2021-10-14 23:03:40,40.71783635,-73.96343139,4,-21.000,,1.350,322,11,18,,
T,2021-10-14 23:03:41,40.71784193,-73.96344310,4,-21.000,,1.340,322,9,18,,
T,2021-10-14 23:03:42,40.71784895,-73.96345208,4,-20.000,,1.220,322,12,18,,
T,2021-10-14 23:03:43,40.71785424,-73.96346523,4,-20.000,,1.340,322,12,18,,
T,2021-10-14 23:03:44,40.71786690,-73.96346776,4,-20.000,,1.230,322,11,18,,
T,2021-10-14 23:03:45,40.71787183,-73.96348510,4,-20.000,,1.230,322,12,18,,
T,2021-10-14 23:03:46,40.71787900,-73.96349971,4,-20.000,,1.190,302,13,18,,
T,2021-10-14 23:03:47,40.71788205,-73.96351988,4,-20.000,,1.490,294,12,18,,
T,2021-10-14 23:03:48,40.71788703,-73.96353195,4,-19.000,,0.900,296,12,18,,
T,2021-10-14 23:03:49,40.71789318,-73.96354210,4,-20.000,,1.140,295,12,18,,
T,2021-10-14 23:03:51,40.71791116,-73.96355533,5,-20.000,,1.140,296,13,18,,
T,2021-10-14 23:03:52,40.71791991,-73.96357346,5,-19.000,,1.070,296,13,18,,
T,2021-10-14 23:03:53,40.71792993,-73.96357706,5,-20.000,,0.780,296,14,18,,
T,2021-10-14 23:03:54,40.71793735,-73.96358828,5,-20.000,,0.920,296,13,18,,
T,2021-10-14 23:03:56,40.71794844,-73.96360957,6,-20.000,,1.170,296,14,18,,
T,2021-10-14 23:03:57,40.71795287,-73.96362348,7,-20.000,,1.130,315,13,18,,
T,2021-10-14 23:03:59,40.71796367,-73.96364350,6,-22.000,,0.990,315,14,18,,
T,2021-10-14 23:04:00,40.71797125,-73.96365428,6,-21.000,,1.130,315,14,18,,
T,2021-10-14 23:04:01,40.71797732,-73.96366713,6,-22.000,,0.920,315,14,18,,
T,2021-10-14 23:04:02,40.71798317,-73.96367627,7,-22.000,,0.960,315,14,18,,
T,2021-10-14 23:04:03,40.71798278,-73.96369844,7,-22.000,,1.010,315,14,18,,
T,2021-10-14 23:04:04,40.71799179,-73.96371867,7,-22.000,,1.620,315,14,18,,
T,2021-10-14 23:04:05,40.71800150,-73.96373158,8,-22.000,,1.270,315,13,18,,
T,2021-10-14 23:04:06,40.71800915,-73.96374151,7,-22.000,,1.060,315,13,18,,
T,2021-10-14 23:04:07,40.71800794,-73.96375554,7,-23.000,,0.730,315,14,18,,
T,2021-10-14 23:04:08,40.71801481,-73.96376756,7,-23.000,,0.920,315,14,18,,
T,2021-10-14 23:04:10,40.71802484,-73.96378188,8,-24.000,,0.860,315,13,18,,
T,2021-10-14 23:04:11,40.71802268,-73.96380123,8,-25.000,,0.850,315,14,18,,
T,2021-10-14 23:04:12,40.71802469,-73.96381682,8,-26.000,,0.710,315,14,18,,
T,2021-10-14 23:04:13,40.71803296,-73.96382736,8,-26.000,,1.030,312,11,18,,
T,2021-10-14 23:04:14,40.71804316,-73.96383397,8,-26.000,,0.960,314,14,18,,
T,2021-10-14 23:04:15,40.71803956,-73.96385406,7,-27.000,,0.960,306,13,18,,
T,2021-10-14 23:04:16,40.71805353,-73.96385770,7,-27.000,,1.020,324,13,18,,
T,2021-10-14 23:04:17,40.71805210,-73.96388063,6,-27.000,,0.900,321,13,18,,
T,2021-10-14 23:04:18,40.71805472,-73.96389572,5,-28.000,,1.010,321,14,18,,
T,2021-10-14 23:04:19,40.71806544,-73.96390043,5,-28.000,,1.170,354,12,18,,
T,2021-10-14 23:04:20,40.71806883,-73.96391600,4,-28.000,,1.010,354,14,19,,
T,2021-10-14 23:04:21,40.71807342,-73.96393377,4,-28.000,,0.990,354,12,19,,
T,2021-10-14 23:04:22,40.71807403,-73.96394576,4,-28.000,,0.570,354,12,19,,
T,2021-10-14 23:04:23,40.71808322,-73.96395066,4,-28.000,,0.640,354,13,19,,
T,2021-10-14 23:04:25,40.71809883,-73.96396518,4,-28.000,,0.980,353,13,19,,
T,2021-10-14 23:04:26,40.71811249,-73.96396156,4,-28.000,,1.000,354,13,19,,
T,2021-10-14 23:04:29,40.71811796,-73.96397263,4,-28.000,,0.650,353,13,19,,
T,2021-10-14 23:04:30,40.71811990,-73.96397064,4,-27.000,,0.000,,12,19,,
T,2021-10-14 23:04:31,40.71813185,-73.96396045,4,-27.000,,0.760,353,13,19,,
T,2021-10-14 23:04:33,40.71815101,-73.96395066,4,-26.000,,0.870,31,13,19,,
T,2021-10-14 23:04:34,40.71816212,-73.96394910,4,-26.000,,1.290,38,12,19,,
T,2021-10-14 23:04:35,40.71817143,-73.96394444,4,-26.000,,1.130,38,12,19,,
T,2021-10-14 23:04:37,40.71818556,-73.96393877,4,-24.000,,0.430,38,12,19,,
T,2021-10-14 23:04:39,40.71820642,-73.96393036,6,-22.000,,1.240,38,12,19,,
T,2021-10-14 23:04:41,40.71822216,-73.96392537,6,-21.000,,0.900,38,12,19,,
T,2021-10-14 23:04:42,40.71823406,-73.96392463,6,-19.000,,0.970,38,12,19,,
T,2021-10-14 23:04:43,40.71824659,-73.96392124,7,-17.000,,1.140,38,12,19,,
T,2021-10-14 23:04:45,40.71826226,-73.96391228,6,-16.000,,0.980,38,10,19,,
T,2021-10-14 23:04:46,40.71827315,-73.96391166,6,-15.000,,1.170,38,12,19,,
T,2021-10-14 23:04:47,40.71828545,-73.96390753,6,-15.000,,1.210,38,12,19,,
T,2021-10-14 23:04:48,40.71829527,-73.96390518,6,-14.000,,1.280,35,11,19,,
T,2021-10-14 23:04:49,40.71831016,-73.96390464,6,-12.000,,0.950,38,11,19,,
T,2021-10-14 23:04:50,40.71832943,-73.96389991,6,-12.000,,0.950,38,11,19,,
T,2021-10-14 23:04:51,40.71834423,-73.96389674,6,-11.000,,0.810,38,13,19,,
T,2021-10-14 23:04:53,40.71836513,-73.96389553,6,-10.000,,0.750,38,13,19,,
T,2021-10-14 23:04:54,40.71837572,-73.96389246,6,-10.000,,0.820,38,12,19,,
T,2021-10-14 23:04:55,40.71838895,-73.96388831,6,-10.000,,0.930,12,11,19,,
T,2021-10-14 23:04:57,40.71840097,-73.96389391,6,-9.000,,0.570,38,11,19,,
T,2021-10-14 23:04:58,40.71841305,-73.96388373,6,-8.000,,1.050,40,11,19,,
T,2021-10-14 23:04:59,40.71843310,-73.96387873,6,-8.000,,1.080,21,11,19,,
T,2021-10-14 23:05:00,40.71844816,-73.96387206,6,-9.000,,1.030,32,11,19,,
T,2021-10-14 23:05:01,40.71846720,-73.96385909,7,-9.000,,1.410,39,10,19,,
T,2021-10-14 23:05:02,40.71849096,-73.96385519,6,-9.000,,1.190,31,11,19,,
T,2021-10-14 23:05:04,40.71850241,-73.96384353,6,-7.000,,1.030,31,14,19,,
T,2021-10-14 23:05:05,40.71851595,-73.96383282,6,-8.000,,0.830,31,14,19,,
T,2021-10-14 23:05:06,40.71853000,-73.96382439,6,-7.000,,1.000,31,12,19,,
T,2021-10-14 23:05:07,40.71854188,-73.96381908,7,-7.000,,0.830,31,12,19,,
T,2021-10-14 23:05:08,40.71855274,-73.96381348,6,-6.000,,0.660,31,12,19,,
T,2021-10-14 23:05:10,40.71856992,-73.96381452,6,-5.000,,0.860,31,10,19,,
T,2021-10-14 23:05:11,40.71857389,-73.96379954,6,-4.000,,0.920,31,9,19,,
T,2021-10-14 23:05:13,40.71859249,-73.96378310,7,-4.000,,0.960,31,12,19,,
T,2021-10-14 23:05:14,40.71860047,-73.96377636,7,-3.000,,0.710,31,11,19,,
T,2021-10-14 23:05:15,40.71861975,-73.96377226,7,-4.000,,0.920,12,13,18,,
T,2021-10-14 23:05:16,40.71863253,-73.96376661,7,-5.000,,0.770,12,14,18,,
T,2021-10-14 23:05:17,40.71864390,-73.96372979,7,-4.000,,1.140,12,13,18,,
T,2021-10-14 23:05:18,40.71864720,-73.96371724,7,-5.000,,0.650,12,13,18,,
T,2021-10-14 23:05:19,40.71865217,-73.96370167,8,-5.000,,0.980,12,13,18,,
T,2021-10-14 23:05:20,40.71865573,-73.96368070,7,-4.000,,0.590,12,14,18,,
T,2021-10-14 23:05:22,40.71866907,-73.96367197,7,-4.000,,0.490,12,13,18,,
T,2021-10-14 23:05:23,40.71865285,-73.96365201,7,-5.000,,0.680,12,13,18,,
T,2021-10-14 23:05:24,40.71864297,-73.96362889,7,-4.000,,0.940,12,12,17,,
T,2021-10-14 23:05:26,40.71862553,-73.96360712,6,-6.000,,1.000,38,11,18,,
T,2021-10-14 23:05:28,40.71863023,-73.96359632,5,-6.000,,0.850,37,13,18,,
T,2021-10-14 23:05:29,40.71863875,-73.96360184,5,-7.000,,0.670,38,13,18,,
T,2021-10-14 23:05:31,40.71865493,-73.96361122,4,-10.000,,0.850,38,13,17,,
T,2021-10-14 23:05:32,40.71866666,-73.96361151,4,-11.000,,0.650,38,13,17,,
T,2021-10-14 23:05:33,40.71867955,-73.96361238,4,-12.000,,0.780,37,13,17,,
T,2021-10-14 23:05:34,40.71868790,-73.96361699,3,-13.000,,0.730,37,13,17,,
T,2021-10-14 23:05:35,40.71869819,-73.96362032,3,-14.000,,1.010,37,13,17,,
T,2021-10-14 23:05:36,40.71870652,-73.96362644,3,-14.000,,1.080,314,12,17,,
T,2021-10-14 23:05:38,40.71871493,-73.96363246,3,-16.000,,1.080,335,12,17,,
T,2021-10-14 23:05:41,40.71872508,-73.96363147,3,-17.000,,0.460,335,12,17,,
T,2021-10-14 23:05:42,40.71873629,-73.96363473,3,-16.000,,0.610,335,12,17,,
T,2021-10-14 23:05:43,40.71874499,-73.96363794,3,-16.000,,1.130,335,12,17,,
T,2021-10-14 23:05:45,40.71875633,-73.96364960,3,-18.000,,0.680,337,12,17,,
T,2021-10-14 23:05:46,40.71876756,-73.96365244,3,-18.000,,1.020,337,12,17,,
T,2021-10-14 23:05:48,40.71878172,-73.96366333,3,-19.000,,0.990,337,12,17,,
T,2021-10-14 23:05:49,40.71879469,-73.96367027,3,-19.000,,1.340,337,12,17,,
T,2021-10-14 23:05:51,40.71880306,-73.96367922,3,-19.000,,0.610,318,11,17,,
T,2021-10-14 23:05:53,40.71881090,-73.96368548,4,-20.000,,0.950,318,11,17,,
T,2021-10-14 23:05:55,40.71881860,-73.96369616,4,-21.000,,1.050,319,11,17,,
T,2021-10-14 23:05:56,40.71882522,-73.96371034,4,-21.000,,1.210,288,12,17,,
T,2021-10-14 23:05:57,40.71883213,-73.96372272,5,-21.000,,1.210,288,11,17,,
T,2021-10-14 23:05:58,40.71885099,-73.96372246,4,-21.000,,1.430,338,11,16,,
T,2021-10-14 23:05:59,40.71886026,-73.96373052,4,-22.000,,1.300,336,11,17,,
T,2021-10-14 23:06:00,40.71886682,-73.96374530,4,-22.000,,1.250,336,9,17,,
T,2021-10-14 23:06:02,40.71887809,-73.96376214,4,-23.000,,1.090,337,9,17,,
T,2021-10-14 23:06:03,40.71888015,-73.96377678,4,-22.000,,1.110,336,11,17,,
T,2021-10-14 23:06:04,40.71888807,-73.96378828,4,-22.000,,1.090,296,10,18,,
T,2021-10-14 23:06:06,40.71890081,-73.96380445,4,-22.000,,1.390,296,11,18,,
T,2021-10-14 23:06:07,40.71890500,-73.96381624,4,-22.000,,1.090,296,9,18,,
T,2021-10-14 23:06:08,40.71891676,-73.96382219,5,-19.000,,1.040,296,11,18,,
T,2021-10-14 23:06:09,40.71892385,-73.96383094,5,-20.000,,0.950,296,11,18,,
T,2021-10-14 23:06:10,40.71893613,-73.96383767,5,-21.000,,0.990,296,13,18,,
T,2021-10-14 23:06:11,40.71893772,-73.96385196,5,-21.000,,1.000,300,11,18,,
T,2021-10-14 23:06:12,40.71894412,-73.96386215,5,-21.000,,1.010,301,12,18,,
T,2021-10-14 23:06:14,40.71895241,-73.96388153,6,-22.000,,1.030,300,9,18,,
T,2021-10-14 23:06:15,40.71895872,-73.96389502,5,-22.000,,1.000,300,10,18,,
T,2021-10-14 23:06:16,40.71897059,-73.96390260,5,-22.000,,0.980,315,13,18,,
T,2021-10-14 23:06:17,40.71897287,-73.96391572,6,-22.000,,0.920,314,12,18,,
T,2021-10-14 23:06:18,40.71898821,-73.96392248,7,-22.000,,1.020,314,12,18,,
T,2021-10-14 23:06:19,40.71900023,-73.96392916,7,-22.000,,0.930,314,12,18,,
T,2021-10-14 23:06:21,40.71901796,-73.96394674,7,-22.000,,1.060,315,11,18,,
T,2021-10-14 23:06:22,40.71901821,-73.96396350,8,-22.000,,0.990,315,12,18,,
T,2021-10-14 23:06:23,40.71902937,-73.96397137,7,-22.000,,0.870,315,11,18,,
T,2021-10-14 23:06:24,40.71903615,-73.96398193,7,-23.000,,0.820,315,11,18,,
T,2021-10-14 23:06:25,40.71904671,-73.96399059,7,-24.000,,1.020,315,11,18,,
T,2021-10-14 23:06:26,40.71905826,-73.96400176,6,-23.000,,1.130,315,11,18,,
T,2021-10-14 23:06:27,40.71906831,-73.96400660,6,-23.000,,1.010,315,11,18,,
T,2021-10-14 23:06:28,40.71908033,-73.96402071,5,-22.000,,1.290,315,11,18,,
T,2021-10-14 23:06:29,40.71907984,-73.96403653,6,-23.000,,1.130,315,9,18,,
T,2021-10-14 23:06:30,40.71909400,-73.96404253,6,-22.000,,1.210,315,9,18,,
T,2021-10-14 23:06:31,40.71910767,-73.96405279,6,-22.000,,1.270,322,10,18,,
T,2021-10-14 23:06:32,40.71911461,-73.96406297,6,-23.000,,1.030,321,10,18,,
T,2021-10-14 23:06:33,40.71912727,-73.96407226,6,-22.000,,1.230,319,11,18,,
T,2021-10-14 23:06:34,40.71913495,-73.96408668,6,-22.000,,1.080,319,11,18,,
T,2021-10-14 23:06:35,40.71914559,-73.96410099,6,-22.000,,1.100,312,11,18,,
T,2021-10-14 23:06:36,40.71914959,-73.96411198,7,-21.000,,0.960,312,11,18,,
T,2021-10-14 23:06:37,40.71915992,-73.96412358,7,-22.000,,1.100,314,11,18,,
T,2021-10-14 23:06:38,40.71916541,-73.96413883,7,-22.000,,0.980,313,10,18,,
T,2021-10-14 23:06:39,40.71917031,-73.96414995,8,-22.000,,0.810,314,10,18,,
T,2021-10-14 23:06:41,40.71917593,-73.96417558,9,-23.000,,1.000,314,9,17,,
T,2021-10-14 23:06:43,40.71917639,-73.96419763,10,-24.000,,1.120,314,10,18,,
T,2021-10-14 23:06:44,40.71918535,-73.96419035,9,-24.000,,0.160,314,12,17,,
T,2021-10-14 23:06:45,40.71919805,-73.96418313,9,-23.000,,0.890,314,12,17,,
T,2021-10-14 23:06:46,40.71919669,-73.96419999,9,-23.000,,0.600,314,13,17,,
T,2021-10-14 23:06:47,40.71920593,-73.96419261,10,-23.000,,0.360,314,11,18,,
T,2021-10-14 23:06:48,40.71921681,-73.96419156,9,-23.000,,0.680,314,11,18,,
T,2021-10-14 23:06:49,40.71923310,-73.96420129,8,-20.000,,0.910,314,11,18,,
T,2021-10-14 23:06:52,40.71924735,-73.96421515,7,-19.000,,1.150,327,12,18,,
T,2021-10-14 23:06:54,40.71926007,-73.96422745,7,-18.000,,1.070,327,10,18,,
T,2021-10-14 23:06:56,40.71927245,-73.96424517,6,-17.000,,1.060,327,11,18,,
T,2021-10-14 23:06:58,40.71928152,-73.96425095,6,-17.000,,0.680,327,11,18,,
T,2021-10-14 23:06:59,40.71929511,-73.96425906,6,-16.000,,0.800,326,11,18,,
T,2021-10-14 23:07:00,40.71930381,-73.96427370,6,-15.000,,1.010,326,11,18,,
T,2021-10-14 23:07:01,40.71930547,-73.96428713,7,-15.000,,1.210,326,12,18,,
T,2021-10-14 23:07:03,40.71930609,-73.96431474,11,-15.000,,1.380,278,13,18,,
T,2021-10-14 23:07:04,40.71929138,-73.96433405,13,-15.000,,1.440,254,11,18,,
T,2021-10-14 23:07:05,40.71927507,-73.96434730,13,-13.000,,0.600,326,11,18,,
T,2021-10-14 23:07:06,40.71928568,-73.96435453,14,-13.000,,0.760,326,9,18,,
T,2021-10-14 23:07:09,40.71927013,-73.96435622,20,-12.000,,0.220,326,11,18,,
T,2021-10-14 23:07:10,40.71927870,-73.96435066,18,-11.000,,0.210,326,14,18,,
T,2021-10-14 23:07:11,40.71928979,-73.96433754,18,-12.000,,0.520,269,12,18,,
T,2021-10-14 23:07:12,40.71930063,-73.96431528,19,-14.000,,0.440,326,12,18,,
T,2021-10-14 23:07:13,40.71931600,-73.96430603,20,-13.000,,0.420,326,10,18,,
T,2021-10-14 23:07:14,40.71932894,-73.96428669,21,-14.000,,0.240,326,11,18,,
T,2021-10-14 23:07:15,40.71934340,-73.96428285,20,-12.000,,0.470,260,10,17,,
T,2021-10-14 23:07:16,40.71936233,-73.96428054,21,-11.000,,0.200,326,10,18,,
T,2021-10-14 23:07:17,40.71937697,-73.96427304,23,-11.000,,0.240,326,11,18,,
T,2021-10-14 23:07:18,40.71938930,-73.96426121,24,-11.000,,0.000,,11,18,,
T,2021-10-14 23:07:19,40.71940044,-73.96425707,27,-10.000,,0.170,326,12,19,,
T,2021-10-14 23:07:20,40.71941721,-73.96423836,30,-10.000,,0.160,326,12,19,,
T,2021-10-14 23:07:21,40.71942935,-73.96422178,34,-9.000,,0.480,326,12,19,,
T,2021-10-14 23:07:22,40.71946609,-73.96422590,29,-9.000,,0.440,321,10,19,,
T,2021-10-14 23:07:23,40.71957823,-73.96429243,26,-5.000,,1.110,334,11,19,,
T,2021-10-14 23:07:24,40.71959417,-73.96428622,23,-5.000,,0.810,352,12,19,,
T,2021-10-14 23:07:25,40.71961136,-73.96429218,23,-5.000,,0.660,352,11,19,,
T,2021-10-14 23:07:26,40.71962587,-73.96429166,24,-5.000,,0.890,9,11,19,,
T,2021-10-14 23:07:27,40.71968965,-73.96431831,24,-3.000,,1.330,354,12,19,,
T,2021-10-14 23:07:28,40.71971228,-73.96433522,24,-3.000,,1.130,343,12,19,,
T,2021-10-14 23:07:30,40.71973244,-73.96435948,22,-2.000,,0.610,309,11,19,,
T,2021-10-14 23:07:31,40.71973635,-73.96437227,22,-2.000,,0.400,304,11,19,,
T,2021-10-14 23:07:33,40.71971843,-73.96437770,20,2.000,,0.500,255,10,19,,
T,2021-10-14 23:07:34,40.71969361,-73.96437211,20,3.000,,0.370,265,11,19,,
T,2021-10-14 23:07:35,40.71968695,-73.96437247,20,2.000,,0.450,279,11,19,,
T,2021-10-14 23:07:36,40.71968429,-73.96437814,20,1.000,,0.000,,10,19,,
T,2021-10-14 23:07:40,40.71967440,-73.96436490,24,2.000,,0.000,,11,19,,
T,2021-10-14 23:07:41,40.71967753,-73.96435975,25,3.000,,0.240,48,11,19,,
T,2021-10-14 23:07:42,40.71968919,-73.96434731,26,3.000,,0.860,29,12,19,,
