type,date time,latitude,longitude,accuracy(m),altitude(m),geoid_height(m),speed(m/s),bearing(deg),sat_used,sat_inview,name,desc
T,2021-11-17 16:50:31,40.75361922,-73.98061439,15,-156.000,,0.430,120,6,21,20211117-115031,GPS Logger: 20211117-115031 - Nov 17
T,2021-11-17 16:50:32,40.75359938,-73.98059036,14,-161.000,,0.510,103,1,21,,
T,2021-11-17 16:50:34,40.75358218,-73.98059305,18,-178.000,,0.440,147,5,21,,
T,2021-11-17 16:50:35,40.75359755,-73.98059598,15,-171.000,,0.000,,5,21,,
T,2021-11-17 16:50:36,40.75363117,-73.98068705,15,-148.000,,0.320,122,5,21,,
T,2021-11-17 16:50:37,40.75365276,-73.98069411,15,-138.000,,0.610,110,5,22,,
T,2021-11-17 16:50:38,40.75364517,-73.98070756,15,-137.000,,0.420,117,5,23,,
T,2021-11-17 16:50:39,40.75363911,-73.98069727,15,-137.000,,0.350,77,5,23,,
T,2021-11-17 16:50:40,40.75364222,-73.98068458,18,-135.000,,0.850,111,4,23,,
T,2021-11-17 16:50:41,40.75364600,-73.98066540,20,-137.000,,0.670,97,5,23,,
T,2021-11-17 16:50:42,40.75365225,-73.98065245,18,-137.000,,0.540,103,6,23,,
T,2021-11-17 16:50:43,40.75364363,-73.98065770,19,-137.000,,0.320,72,6,23,,
T,2021-11-17 16:50:46,40.75364410,-73.98064409,20,-133.000,,0.410,46,6,23,,
T,2021-11-17 16:50:47,40.75364420,-73.98064298,22,-135.000,,0.000,,6,23,,
T,2021-11-17 16:50:53,40.75364763,-73.98064612,65,-134.000,,0.000,,1,23,,
T,2021-11-17 16:50:54,40.75362102,-73.98071589,85,-137.000,,0.980,255,1,23,,
T,2021-11-17 16:50:55,40.75210609,-73.98374559,110,79.000,,0.430,255,1,23,,
T,2021-11-17 16:50:56,40.75217227,-73.98391265,108,86.000,,1.900,226,3,23,,
T,2021-11-17 16:50:57,40.75216498,-73.98397922,95,97.000,,0.250,226,5,23,,
T,2021-11-17 16:50:58,40.75293101,-73.98279582,115,77.000,,0.600,226,5,23,,
T,2021-11-17 16:50:59,40.75366638,-73.98064991,102,-133.000,,0.370,324,5,23,,
T,2021-11-17 16:51:00,40.75372921,-73.98056945,92,-130.000,,0.900,355,5,23,,
T,2021-11-17 16:51:01,40.75371375,-73.98057893,86,-126.000,,1.040,326,6,23,,
T,2021-11-17 16:51:02,40.75373810,-73.98057923,83,-123.000,,1.140,324,6,23,,
T,2021-11-17 16:51:03,40.75375445,-73.98060516,86,-121.000,,1.130,316,6,23,,
T,2021-11-17 16:51:04,40.75374959,-73.98061808,88,-119.000,,1.160,315,6,23,,
T,2021-11-17 16:51:05,40.75376093,-73.98063278,91,-118.000,,1.160,308,6,23,,
T,2021-11-17 16:51:06,40.75377148,-73.98065464,93,-116.000,,1.180,303,5,23,,
T,2021-11-17 16:51:07,40.75376115,-73.98069847,92,-114.000,,1.220,288,4,23,,
T,2021-11-17 16:51:08,40.75374503,-73.98071249,94,-113.000,,1.170,285,5,23,,
T,2021-11-17 16:51:09,40.75371564,-73.98072644,95,-111.000,,0.990,249,5,23,,
T,2021-11-17 16:51:10,40.75369827,-73.98074622,99,-111.000,,1.270,238,5,22,,
T,2021-11-17 16:51:11,40.75367418,-73.98076996,97,-109.000,,1.250,253,5,22,,
T,2021-11-17 16:51:12,40.75373552,-73.98072547,89,-109.000,,0.770,274,5,23,,
T,2021-11-17 16:51:14,40.75373356,-73.98079125,98,-107.000,,1.190,270,5,23,,
T,2021-11-17 16:51:15,40.75377659,-73.98078196,96,-106.000,,0.980,297,4,23,,
T,2021-11-17 16:51:16,40.75382261,-73.98076849,90,-105.000,,1.180,347,5,23,,
T,2021-11-17 16:51:17,40.75385886,-73.98079886,86,-106.000,,1.520,344,5,23,,
T,2021-11-17 16:51:18,40.75391496,-73.98079147,88,-105.000,,1.950,350,6,23,,
T,2021-11-17 16:51:19,40.75397567,-73.98085405,74,-98.000,,1.980,358,5,22,,
T,2021-11-17 16:51:20,40.75399625,-73.98091548,74,-94.000,,1.860,358,5,22,,
T,2021-11-17 16:51:21,40.75403999,-73.98095820,73,-89.000,,1.920,2,6,22,,
T,2021-11-17 16:51:22,40.75405020,-73.98104285,65,-86.000,,1.490,342,5,23,,
T,2021-11-17 16:51:23,40.75406174,-73.98108635,65,-83.000,,1.430,339,5,23,,
T,2021-11-17 16:51:24,40.75405372,-73.98113610,57,-79.000,,1.310,327,6,23,,
T,2021-11-17 16:51:25,40.75408637,-73.98116033,54,-76.000,,1.400,334,5,23,,
T,2021-11-17 16:51:26,40.75403147,-73.98125516,48,-74.000,,1.310,312,6,23,,
T,2021-11-17 16:51:27,40.75403509,-73.98128377,48,-73.000,,1.260,310,6,23,,
T,2021-11-17 16:51:28,40.75402527,-73.98131660,47,-72.000,,1.290,305,7,23,,
T,2021-11-17 16:51:29,40.75404791,-73.98131474,40,-73.000,,1.270,306,6,23,,
T,2021-11-17 16:51:30,40.75403741,-73.98135036,40,-72.000,,1.290,299,6,23,,
T,2021-11-17 16:51:31,40.75406323,-73.98133010,32,-74.000,,1.260,306,5,23,,
T,2021-11-17 16:51:32,40.75403572,-73.98138283,27,-73.000,,1.300,294,5,23,,
T,2021-11-17 16:51:33,40.75398027,-73.98146770,23,-71.000,,1.240,292,7,23,,
T,2021-11-17 16:51:34,40.75396630,-73.98151315,23,-70.000,,1.410,308,7,23,,
T,2021-11-17 16:51:36,40.75397411,-73.98152172,19,-69.000,,0.360,351,8,23,,
T,2021-11-17 16:51:37,40.75398443,-73.98151295,19,-68.000,,0.000,,7,23,,
T,2021-11-17 16:51:38,40.75398933,-73.98151131,17,-68.000,,0.000,,4,23,,
T,2021-11-17 16:51:39,40.75399717,-73.98152638,16,-68.000,,0.950,306,4,23,,
T,2021-11-17 16:51:40,40.75398887,-73.98154632,16,-67.000,,1.220,300,4,23,,
T,2021-11-17 16:51:41,40.75400082,-73.98155396,14,-68.000,,1.430,298,6,23,,
T,2021-11-17 16:51:42,40.75399812,-73.98157811,15,-68.000,,1.470,294,8,23,,
T,2021-11-17 16:51:43,40.75400634,-73.98158714,15,-68.000,,1.350,302,6,23,,
T,2021-11-17 16:51:44,40.75401598,-73.98159892,17,-66.000,,1.300,321,6,23,,
T,2021-11-17 16:51:45,40.75402079,-73.98161114,19,-66.000,,1.340,328,6,23,,
T,2021-11-17 16:51:46,40.75404151,-73.98161740,19,-66.000,,1.470,316,5,23,,
T,2021-11-17 16:51:47,40.75405858,-73.98162243,18,-66.000,,1.340,319,6,23,,
T,2021-11-17 16:51:48,40.75408806,-73.98162216,18,-68.000,,1.420,319,6,23,,
T,2021-11-17 16:51:50,40.75409325,-73.98164801,18,-66.000,,1.360,308,6,23,,
T,2021-11-17 16:51:51,40.75410432,-73.98165744,18,-65.000,,1.360,308,6,23,,
T,2021-11-17 16:51:52,40.75410111,-73.98167618,18,-64.000,,1.300,313,5,23,,
T,2021-11-17 16:51:53,40.75409829,-73.98170035,19,-63.000,,1.410,300,6,23,,
T,2021-11-17 16:51:54,40.75410925,-73.98171238,19,-63.000,,1.540,315,6,23,,
T,2021-11-17 16:51:55,40.75410326,-73.98173346,20,-62.000,,1.500,313,6,22,,
T,2021-11-17 16:51:56,40.75409158,-73.98175942,18,-61.000,,1.410,302,5,22,,
T,2021-11-17 16:51:57,40.75409388,-73.98178227,17,-59.000,,1.380,302,5,22,,
T,2021-11-17 16:51:58,40.75409651,-73.98180597,17,-58.000,,1.380,309,6,22,,
T,2021-11-17 16:51:59,40.75410330,-73.98182089,15,-57.000,,1.390,305,6,22,,
T,2021-11-17 16:52:00,40.75411186,-73.98185075,15,-56.000,,1.990,309,5,22,,
T,2021-11-17 16:52:01,40.75410584,-73.98188052,14,-54.000,,1.680,303,6,22,,
T,2021-11-17 16:52:02,40.75410345,-73.98190337,14,-53.000,,1.410,302,6,22,,
T,2021-11-17 16:52:03,40.75412078,-73.98191003,14,-54.000,,1.290,304,5,22,,
T,2021-11-17 16:52:04,40.75413438,-73.98193018,14,-53.000,,2.040,306,5,22,,
T,2021-11-17 16:52:05,40.75413554,-73.98195055,14,-53.000,,1.630,306,5,22,,
T,2021-11-17 16:52:06,40.75414413,-73.98195720,17,-53.000,,1.430,319,7,22,,
T,2021-11-17 16:52:07,40.75414025,-73.98196924,20,-53.000,,1.080,303,7,21,,
T,2021-11-17 16:52:08,40.75414510,-73.98198600,21,-53.000,,1.360,306,7,21,,
T,2021-11-17 16:52:09,40.75414048,-73.98200646,22,-52.000,,1.380,302,6,20,,
T,2021-11-17 16:52:10,40.75413533,-73.98202940,23,-52.000,,1.280,294,5,21,,
T,2021-11-17 16:52:11,40.75411874,-73.98206387,25,-53.000,,1.400,288,5,21,,
T,2021-11-17 16:52:12,40.75413450,-73.98207614,27,-54.000,,1.540,290,6,21,,
T,2021-11-17 16:52:13,40.75413415,-73.98209142,27,-53.000,,1.240,300,6,21,,
T,2021-11-17 16:52:14,40.75414415,-73.98210594,27,-53.000,,1.190,301,6,21,,
T,2021-11-17 16:52:15,40.75415412,-73.98211384,27,-53.000,,0.840,311,6,21,,
T,2021-11-17 16:52:16,40.75415496,-73.98213761,24,-54.000,,1.060,299,6,21,,
T,2021-11-17 16:52:17,40.75413875,-73.98215542,22,-54.000,,1.240,285,5,21,,
T,2021-11-17 16:52:18,40.75415919,-73.98216788,21,-52.000,,1.310,308,5,21,,
T,2021-11-17 16:52:19,40.75415975,-73.98218887,19,-51.000,,1.420,296,6,21,,
T,2021-11-17 16:52:20,40.75414752,-73.98222310,18,-50.000,,1.400,294,6,21,,
T,2021-11-17 16:52:21,40.75416167,-73.98224388,17,-49.000,,1.850,332,6,21,,
T,2021-11-17 16:52:22,40.75417633,-73.98225385,16,-48.000,,1.770,334,6,21,,
T,2021-11-17 16:52:23,40.75417045,-73.98229074,17,-48.000,,1.870,318,6,21,,
T,2021-11-17 16:52:24,40.75412701,-73.98234302,19,-48.000,,1.670,286,6,21,,
T,2021-11-17 16:52:25,40.75414144,-73.98235528,19,-46.000,,1.420,288,6,21,,
T,2021-11-17 16:52:26,40.75413825,-73.98237027,21,-46.000,,1.390,285,5,21,,
T,2021-11-17 16:52:27,40.75414547,-73.98238997,25,-45.000,,1.400,289,5,21,,
T,2021-11-17 16:52:28,40.75415224,-73.98240739,29,-45.000,,1.310,298,5,21,,
T,2021-11-17 16:52:29,40.75413914,-73.98242415,30,-44.000,,1.160,258,5,20,,
T,2021-11-17 16:52:30,40.75415284,-73.98243793,33,-43.000,,1.280,266,5,20,,
T,2021-11-17 16:52:31,40.75414878,-73.98245734,35,-43.000,,1.160,267,5,20,,
T,2021-11-17 16:52:32,40.75416197,-73.98246380,34,-42.000,,0.770,286,4,20,,
T,2021-11-17 16:52:33,40.75418040,-73.98246742,34,-43.000,,0.830,263,4,20,,
T,2021-11-17 16:52:34,40.75419644,-73.98246878,33,-46.000,,0.770,226,4,20,,
T,2021-11-17 16:52:35,40.75421455,-73.98247065,33,-48.000,,0.610,251,5,20,,
T,2021-11-17 16:52:36,40.75419602,-73.98250774,33,-47.000,,1.470,252,4,20,,
T,2021-11-17 16:52:37,40.75420773,-73.98252978,33,-45.000,,1.510,263,4,20,,
T,2021-11-17 16:52:38,40.75422283,-73.98253339,35,-47.000,,1.140,263,5,20,,
T,2021-11-17 16:52:39,40.75429414,-73.98252454,35,-48.000,,1.080,294,5,20,,
T,2021-11-17 16:52:40,40.75429058,-73.98254379,29,-47.000,,1.160,304,6,20,,
T,2021-11-17 16:52:41,40.75429748,-73.98255795,26,-47.000,,1.260,298,6,19,,
T,2021-11-17 16:52:42,40.75430594,-73.98256415,25,-46.000,,1.070,318,6,19,,
T,2021-11-17 16:52:43,40.75430134,-73.98257859,24,-45.000,,1.160,310,6,19,,
T,2021-11-17 16:52:45,40.75431538,-73.98259493,25,-44.000,,1.320,319,6,19,,
T,2021-11-17 16:52:46,40.75433926,-73.98259897,27,-44.000,,1.320,320,6,19,,
T,2021-11-17 16:52:47,40.75433469,-73.98261070,29,-43.000,,0.980,320,7,18,,
T,2021-11-17 16:52:48,40.75437141,-73.98259100,28,-42.000,,1.150,6,7,18,,
T,2021-11-17 16:52:49,40.75439114,-73.98259115,30,-41.000,,1.250,349,7,18,,
T,2021-11-17 16:52:50,40.75442195,-73.98258676,29,-41.000,,1.300,346,7,18,,
T,2021-11-17 16:52:51,40.75444474,-73.98258809,29,-39.000,,1.430,344,7,18,,
T,2021-11-17 16:52:53,40.75446445,-73.98259362,31,-37.000,,1.170,341,6,17,,
T,2021-11-17 16:52:54,40.75447767,-73.98258328,32,-37.000,,1.280,354,5,17,,
T,2021-11-17 16:52:55,40.75450502,-73.98258028,33,-37.000,,1.330,347,7,17,,
T,2021-11-17 16:52:56,40.75452524,-73.98258068,35,-36.000,,1.370,352,7,17,,
T,2021-11-17 16:52:57,40.75453561,-73.98258656,36,-35.000,,1.230,345,5,18,,
T,2021-11-17 16:52:58,40.75453772,-73.98260485,39,-36.000,,0.840,320,5,18,,
T,2021-11-17 16:53:00,40.75453718,-73.98263152,43,-33.000,,0.790,306,7,19,,
T,2021-11-17 16:53:01,40.75458482,-73.98261190,44,-36.000,,0.940,344,7,19,,
T,2021-11-17 16:53:02,40.75458753,-73.98264096,44,-38.000,,1.100,313,6,19,,
T,2021-11-17 16:53:03,40.75463087,-73.98261805,42,-39.000,,1.350,324,7,19,,
T,2021-11-17 16:53:04,40.75466018,-73.98260684,37,-39.000,,1.350,341,7,19,,
T,2021-11-17 16:53:05,40.75465859,-73.98262275,35,-39.000,,1.230,334,6,19,,
T,2021-11-17 16:53:08,40.75469496,-73.98260550,30,-40.000,,1.340,349,7,20,,
T,2021-11-17 16:53:09,40.75470776,-73.98262022,28,-40.000,,1.320,343,7,20,,
T,2021-11-17 16:53:10,40.75468983,-73.98266700,26,-38.000,,1.260,304,7,20,,
T,2021-11-17 16:53:11,40.75469564,-73.98267947,26,-38.000,,1.270,325,7,20,,
T,2021-11-17 16:53:13,40.75471509,-73.98269014,25,-35.000,,1.050,317,7,20,,
T,2021-11-17 16:53:14,40.75471755,-73.98270880,24,-35.000,,1.080,309,7,20,,
T,2021-11-17 16:53:16,40.75474009,-73.98269275,27,-39.000,,0.710,219,7,20,,
T,2021-11-17 16:53:17,40.75473619,-73.98271865,27,-42.000,,1.120,255,7,20,,
T,2021-11-17 16:53:18,40.75474745,-73.98272137,26,-43.000,,1.480,252,6,20,,
T,2021-11-17 16:53:20,40.75477020,-73.98272719,28,-45.000,,1.130,264,5,20,,
T,2021-11-17 16:53:21,40.75474998,-73.98274388,27,-44.000,,1.410,240,5,20,,
T,2021-11-17 16:53:23,40.75474330,-73.98276185,26,-46.000,,1.500,239,6,20,,
T,2021-11-17 16:53:25,40.75476021,-73.98277121,26,-50.000,,1.340,232,6,20,,
T,2021-11-17 16:53:26,40.75475619,-73.98278433,26,-51.000,,1.380,226,6,20,,
T,2021-11-17 16:53:27,40.75477662,-73.98279211,24,-53.000,,1.370,244,5,20,,
T,2021-11-17 16:53:28,40.75478606,-73.98281462,27,-53.000,,1.380,254,5,20,,
T,2021-11-17 16:53:29,40.75482469,-73.98281071,30,-54.000,,1.260,266,7,20,,
T,2021-11-17 16:53:31,40.75482969,-73.98284592,33,-57.000,,1.450,251,7,20,,
T,2021-11-17 16:53:32,40.75484294,-73.98285446,36,-59.000,,1.150,237,7,20,,
T,2021-11-17 16:53:33,40.75484139,-73.98287345,38,-58.000,,1.150,236,7,20,,
T,2021-11-17 16:53:34,40.75479794,-73.98291313,39,-59.000,,2.890,215,6,20,,
T,2021-11-17 16:53:35,40.75483800,-73.98291597,40,-60.000,,2.300,228,6,20,,
T,2021-11-17 16:53:36,40.75487158,-73.98292885,39,-60.000,,1.720,236,6,20,,
T,2021-11-17 16:53:37,40.75488316,-73.98293627,40,-61.000,,1.820,234,6,20,,
T,2021-11-17 16:53:38,40.75489838,-73.98294384,40,-61.000,,1.490,236,7,20,,
T,2021-11-17 16:53:39,40.75491244,-73.98295811,40,-61.000,,1.230,261,6,20,,
T,2021-11-17 16:53:40,40.75493902,-73.98297725,38,-62.000,,1.310,275,6,20,,
T,2021-11-17 16:53:41,40.75494278,-73.98298969,38,-63.000,,1.220,238,6,20,,
T,2021-11-17 16:53:42,40.75494044,-73.98301372,39,-63.000,,1.400,243,7,20,,
T,2021-11-17 16:53:43,40.75496806,-73.98302674,37,-63.000,,1.180,258,7,20,,
T,2021-11-17 16:53:44,40.75496251,-73.98304807,37,-62.000,,1.140,258,7,20,,
T,2021-11-17 16:53:45,40.75498318,-73.98306122,37,-61.000,,1.070,280,7,20,,
T,2021-11-17 16:53:46,40.75497774,-73.98309096,37,-60.000,,1.320,250,7,20,,
T,2021-11-17 16:53:47,40.75498059,-73.98311297,36,-58.000,,1.450,263,7,20,,
T,2021-11-17 16:53:48,40.75497904,-73.98313177,36,-57.000,,1.310,253,7,20,,
T,2021-11-17 16:53:49,40.75499471,-73.98314743,36,-56.000,,1.330,262,6,20,,
T,2021-11-17 16:53:50,40.75499720,-73.98316769,36,-57.000,,1.080,251,7,18,,
T,2021-11-17 16:53:51,40.75499132,-73.98319318,36,-56.000,,1.210,254,7,20,,
T,2021-11-17 16:53:52,40.75500802,-73.98319818,36,-56.000,,1.090,242,7,20,,
T,2021-11-17 16:53:53,40.75501027,-73.98321696,36,-56.000,,1.230,242,7,20,,
T,2021-11-17 16:53:54,40.75500900,-73.98323907,35,-56.000,,1.380,241,6,20,,
T,2021-11-17 16:53:55,40.75502227,-73.98325761,34,-55.000,,1.360,254,7,20,,
T,2021-11-17 16:53:56,40.75502419,-73.98327402,37,-54.000,,1.180,249,6,20,,
T,2021-11-17 16:53:57,40.75504415,-73.98329057,39,-54.000,,1.500,262,6,20,,
T,2021-11-17 16:53:58,40.75505913,-73.98329945,42,-54.000,,1.160,260,7,20,,
T,2021-11-17 16:53:59,40.75504892,-73.98332742,40,-54.000,,1.490,232,5,20,,
T,2021-11-17 16:54:00,40.75504037,-73.98335400,38,-53.000,,1.240,228,5,20,,
T,2021-11-17 16:54:01,40.75503997,-73.98336743,39,-53.000,,1.000,239,6,20,,
T,2021-11-17 16:54:02,40.75505122,-73.98337139,40,-53.000,,0.810,241,7,20,,
T,2021-11-17 16:54:03,40.75504086,-73.98339436,39,-51.000,,1.200,222,7,20,,
T,2021-11-17 16:54:04,40.75504505,-73.98340881,38,-54.000,,1.580,214,7,20,,
T,2021-11-17 16:54:06,40.75506164,-73.98342048,37,-55.000,,1.160,235,7,20,,
T,2021-11-17 16:54:07,40.75507029,-73.98343204,37,-56.000,,1.010,239,7,21,,
T,2021-11-17 16:54:08,40.75508385,-73.98343986,37,-56.000,,0.590,262,7,20,,
T,2021-11-17 16:54:09,40.75510227,-73.98344618,37,-56.000,,0.370,290,7,20,,
T,2021-11-17 16:54:10,40.75512364,-73.98345643,38,-55.000,,0.830,318,7,20,,
T,2021-11-17 16:54:12,40.75514783,-73.98346604,36,-54.000,,0.960,324,7,20,,
T,2021-11-17 16:54:13,40.75515196,-73.98347564,35,-54.000,,0.380,312,7,20,,
T,2021-11-17 16:54:14,40.75517191,-73.98346700,36,-55.000,,0.000,,6,20,,
T,2021-11-17 16:54:15,40.75516754,-73.98347690,38,-54.000,,0.390,213,7,19,,
T,2021-11-17 16:54:17,40.75515984,-73.98349419,45,-54.000,,1.050,197,6,20,,
T,2021-11-17 16:54:18,40.75513081,-73.98352434,49,-54.000,,1.580,208,7,20,,
T,2021-11-17 16:54:19,40.75512867,-73.98354206,54,-54.000,,1.530,212,7,20,,
T,2021-11-17 16:54:20,40.75516357,-73.98358682,54,-50.000,,1.430,255,7,20,,
T,2021-11-17 16:54:21,40.75518216,-73.98357822,44,-49.000,,0.710,347,5,20,,
T,2021-11-17 16:54:22,40.75516758,-73.98360931,42,-49.000,,0.000,,6,20,,
T,2021-11-17 16:54:24,40.75515196,-73.98363616,41,-47.000,,0.000,,5,19,,
T,2021-11-17 16:54:25,40.75513251,-73.98365057,40,-46.000,,0.000,,7,18,,
T,2021-11-17 16:54:26,40.75511865,-73.98366880,39,-44.000,,0.000,,7,18,,
T,2021-11-17 16:54:27,40.75510653,-73.98369382,38,-43.000,,0.000,,8,19,,
T,2021-11-17 16:54:28,40.75509250,-73.98371135,36,-43.000,,0.000,,7,19,,
T,2021-11-17 16:54:29,40.75510541,-73.98371819,30,-43.000,,0.000,,8,19,,
T,2021-11-17 16:54:30,40.75510513,-73.98373043,30,-41.000,,0.000,,8,20,,
T,2021-11-17 16:54:31,40.75511097,-73.98374189,31,-41.000,,0.380,323,9,20,,
T,2021-11-17 16:54:32,40.75510584,-73.98376701,30,-42.000,,0.000,,9,20,,
T,2021-11-17 16:54:33,40.75510813,-73.98378357,29,-42.000,,0.000,,8,20,,
T,2021-11-17 16:54:34,40.75511387,-73.98380155,28,-42.000,,0.450,273,8,20,,
T,2021-11-17 16:54:35,40.75511382,-73.98382105,29,-42.000,,0.670,242,6,20,,
T,2021-11-17 16:54:36,40.75512014,-73.98383874,30,-42.000,,0.640,245,6,20,,
T,2021-11-17 16:54:37,40.75511608,-73.98386813,29,-42.000,,1.050,257,6,20,,
T,2021-11-17 16:54:38,40.75509556,-73.98389576,28,-41.000,,1.080,245,7,19,,
T,2021-11-17 16:54:39,40.75507631,-73.98392594,28,-42.000,,1.430,252,7,19,,
T,2021-11-17 16:54:40,40.75505623,-73.98396779,27,-42.000,,1.530,247,7,19,,
T,2021-11-17 16:54:41,40.75505182,-73.98399268,26,-41.000,,1.560,243,8,19,,
T,2021-11-17 16:54:42,40.75502707,-73.98401779,30,-41.000,,1.760,237,6,20,,
T,2021-11-17 16:54:43,40.75504271,-73.98401643,32,-41.000,,1.810,257,6,20,,
T,2021-11-17 16:54:45,40.75504744,-73.98403023,32,-42.000,,1.680,257,7,20,,
T,2021-11-17 16:54:46,40.75506153,-73.98402636,29,-43.000,,1.600,252,8,21,,
T,2021-11-17 16:54:47,40.75506402,-73.98403787,28,-45.000,,1.310,250,8,21,,
T,2021-11-17 16:54:48,40.75505073,-73.98405485,29,-44.000,,1.560,263,6,21,,
T,2021-11-17 16:54:49,40.75504009,-73.98407490,30,-45.000,,1.410,256,6,21,,
T,2021-11-17 16:54:50,40.75502978,-73.98410011,33,-46.000,,1.380,258,6,21,,
T,2021-11-17 16:54:51,40.75502354,-73.98412218,33,-46.000,,1.250,269,8,21,,
T,2021-11-17 16:54:52,40.75500414,-73.98415806,35,-45.000,,1.070,249,8,21,,
T,2021-11-17 16:54:53,40.75503237,-73.98416334,37,-46.000,,1.170,317,6,21,,
T,2021-11-17 16:54:54,40.75503777,-73.98418632,38,-45.000,,1.330,320,6,21,,
T,2021-11-17 16:54:55,40.75505160,-73.98420144,37,-46.000,,1.340,314,6,21,,
T,2021-11-17 16:54:56,40.75503963,-73.98422364,36,-46.000,,0.560,319,8,21,,
T,2021-11-17 16:54:57,40.75501980,-73.98425850,35,-44.000,,0.770,317,8,21,,
T,2021-11-17 16:54:58,40.75503082,-73.98426926,35,-44.000,,1.100,310,7,21,,
T,2021-11-17 16:54:59,40.75501055,-73.98430905,35,-43.000,,1.230,296,7,21,,
T,2021-11-17 16:55:00,40.75499508,-73.98435538,33,-42.000,,1.230,302,7,21,,
T,2021-11-17 16:55:01,40.75500450,-73.98436426,32,-41.000,,1.270,305,8,21,,
T,2021-11-17 16:55:02,40.75498015,-73.98441465,27,-40.000,,1.320,315,7,21,,
T,2021-11-17 16:55:03,40.75495715,-73.98445894,22,-39.000,,1.200,308,7,21,,
T,2021-11-17 16:55:04,40.75495977,-73.98447770,25,-39.000,,1.240,315,5,21,,
T,2021-11-17 16:55:05,40.75500004,-73.98447021,21,-39.000,,1.900,329,5,21,,
T,2021-11-17 16:55:06,40.75501364,-73.98448257,24,-39.000,,1.760,344,6,21,,
T,2021-11-17 16:55:07,40.75500970,-73.98449785,23,-39.000,,1.020,350,7,20,,
T,2021-11-17 16:55:08,40.75500945,-73.98452158,22,-40.000,,1.080,332,7,21,,
T,2021-11-17 16:55:09,40.75502298,-73.98452094,21,-40.000,,1.160,324,7,21,,
T,2021-11-17 16:55:10,40.75502812,-73.98454704,25,-42.000,,1.280,325,6,20,,
T,2021-11-17 16:55:11,40.75503368,-73.98457629,26,-43.000,,1.520,330,7,20,,
T,2021-11-17 16:55:12,40.75503415,-73.98459259,29,-43.000,,1.350,326,7,20,,
T,2021-11-17 16:55:13,40.75503774,-73.98460606,30,-43.000,,1.520,304,7,20,,
T,2021-11-17 16:55:14,40.75504851,-73.98462001,30,-43.000,,1.330,320,7,20,,
T,2021-11-17 16:55:15,40.75503731,-73.98463084,32,-42.000,,0.810,320,7,20,,
T,2021-11-17 16:55:16,40.75502380,-73.98464858,30,-40.000,,0.910,315,4,20,,
T,2021-11-17 16:55:17,40.75503093,-73.98465989,31,-41.000,,1.070,311,7,20,,
T,2021-11-17 16:55:18,40.75504839,-73.98465432,32,-40.000,,1.080,318,7,20,,
T,2021-11-17 16:55:19,40.75503903,-73.98466875,33,-40.000,,0.730,281,8,20,,
T,2021-11-17 16:55:20,40.75504323,-73.98468742,32,-41.000,,1.160,274,8,20,,
T,2021-11-17 16:55:21,40.75506925,-73.98469842,31,-42.000,,1.020,288,7,20,,
T,2021-11-17 16:55:22,40.75506411,-73.98471010,33,-40.000,,0.840,308,7,21,,
T,2021-11-17 16:55:23,40.75508044,-73.98472630,34,-39.000,,0.940,306,8,21,,
T,2021-11-17 16:55:24,40.75507940,-73.98474259,35,-39.000,,0.970,305,8,21,,
T,2021-11-17 16:55:25,40.75512589,-73.98475089,36,-38.000,,1.140,314,8,21,,
T,2021-11-17 16:55:26,40.75515496,-73.98477375,36,-39.000,,1.150,312,8,21,,
T,2021-11-17 16:55:27,40.75517044,-73.98478858,37,-40.000,,1.180,310,8,21,,
T,2021-11-17 16:55:28,40.75516821,-73.98480619,36,-40.000,,1.400,302,8,21,,
T,2021-11-17 16:55:29,40.75515508,-73.98482632,34,-40.000,,1.270,296,8,20,,
T,2021-11-17 16:55:30,40.75515682,-73.98483916,33,-41.000,,0.970,320,8,20,,
T,2021-11-17 16:55:31,40.75518213,-73.98484756,33,-40.000,,1.200,323,7,19,,
T,2021-11-17 16:55:32,40.75521828,-73.98485561,32,-39.000,,1.300,325,5,19,,
T,2021-11-17 16:55:33,40.75522631,-73.98487197,32,-39.000,,1.610,306,5,19,,
T,2021-11-17 16:55:35,40.75522601,-73.98488914,32,-39.000,,0.920,258,7,19,,
T,2021-11-17 16:55:36,40.75524638,-73.98489424,34,-39.000,,0.530,280,6,19,,
T,2021-11-17 16:55:37,40.75525576,-73.98488793,35,-39.000,,0.450,22,6,19,,
T,2021-11-17 16:55:38,40.75526597,-73.98490916,36,-40.000,,0.920,354,5,19,,
T,2021-11-17 16:55:39,40.75530913,-73.98492263,38,-39.000,,1.420,342,6,19,,
T,2021-11-17 16:55:40,40.75533340,-73.98491701,39,-39.000,,1.370,350,6,19,,
T,2021-11-17 16:55:42,40.75534209,-73.98493357,43,-39.000,,1.430,339,6,19,,
T,2021-11-17 16:55:44,40.75530544,-73.98493533,41,-39.000,,0.480,150,8,19,,
T,2021-11-17 16:55:47,40.75529947,-73.98494904,44,-39.000,,1.260,211,7,19,,
T,2021-11-17 16:55:48,40.75531454,-73.98496004,43,-39.000,,0.790,216,8,19,,
T,2021-11-17 16:55:50,40.75529405,-73.98498251,43,-39.000,,1.030,202,7,19,,
T,2021-11-17 16:55:52,40.75528744,-73.98499709,46,-38.000,,0.740,208,8,19,,
T,2021-11-17 16:55:53,40.75528391,-73.98500987,48,-37.000,,0.850,202,7,19,,
T,2021-11-17 16:55:54,40.75526715,-73.98505165,45,-35.000,,1.930,233,8,19,,
T,2021-11-17 16:55:55,40.75527791,-73.98506702,43,-32.000,,1.080,236,7,19,,
T,2021-11-17 16:55:56,40.75529637,-73.98508255,43,-31.000,,0.830,256,8,19,,
T,2021-11-17 16:55:57,40.75532983,-73.98511521,43,-32.000,,0.610,298,8,19,,
T,2021-11-17 16:55:58,40.75534058,-73.98512095,43,-31.000,,0.470,309,7,19,,
T,2021-11-17 16:55:59,40.75537546,-73.98513295,44,-32.000,,0.940,7,8,19,,
T,2021-11-17 16:56:01,40.75537673,-73.98515244,42,-32.000,,0.810,323,8,19,,
T,2021-11-17 16:56:02,40.75534935,-73.98515707,41,-33.000,,0.570,330,8,19,,
T,2021-11-17 16:56:03,40.75535083,-73.98517234,40,-33.000,,0.420,291,7,19,,
T,2021-11-17 16:56:04,40.75535040,-73.98519906,39,-33.000,,0.490,258,7,19,,
T,2021-11-17 16:56:05,40.75538021,-73.98522567,39,-34.000,,1.060,318,8,19,,
T,2021-11-17 16:56:06,40.75539750,-73.98524982,39,-36.000,,1.080,320,8,19,,
T,2021-11-17 16:56:07,40.75539354,-73.98526942,39,-36.000,,0.810,255,7,19,,
T,2021-11-17 16:56:08,40.75539792,-73.98528046,40,-37.000,,0.580,248,7,19,,
T,2021-11-17 16:56:09,40.75539635,-73.98529329,42,-38.000,,0.560,256,7,19,,
T,2021-11-17 16:56:10,40.75539804,-73.98531886,42,-38.000,,0.900,269,7,19,,
T,2021-11-17 16:56:11,40.75540632,-73.98532582,42,-37.000,,0.650,253,8,19,,
T,2021-11-17 16:56:13,40.75541680,-73.98533788,44,-38.000,,0.520,306,5,19,,
T,2021-11-17 16:56:15,40.75540549,-73.98537013,43,-40.000,,0.610,242,8,19,,
T,2021-11-17 16:56:16,40.75539926,-73.98538050,45,-40.000,,0.610,194,8,19,,
T,2021-11-17 16:56:18,40.75540602,-73.98540282,50,-39.000,,0.840,261,9,19,,
T,2021-11-17 16:56:19,40.75539686,-73.98542328,52,-38.000,,1.000,254,6,19,,
T,2021-11-17 16:56:20,40.75539029,-73.98543615,55,-37.000,,1.120,246,8,19,,
T,2021-11-17 16:56:22,40.75539655,-73.98545284,60,-34.000,,1.080,268,6,19,,
T,2021-11-17 16:56:23,40.75539328,-73.98547834,64,-34.000,,1.220,265,7,19,,
T,2021-11-17 16:56:24,40.75539987,-73.98548797,66,-34.000,,1.190,264,7,19,,
T,2021-11-17 16:56:25,40.75540449,-73.98552921,68,-34.000,,1.590,260,7,19,,
T,2021-11-17 16:56:26,40.75541654,-73.98553928,73,-32.000,,1.540,274,7,19,,
T,2021-11-17 16:56:27,40.75541789,-73.98556068,77,-31.000,,1.440,275,7,19,,
T,2021-11-17 16:56:28,40.75542989,-73.98557293,71,-32.000,,1.170,282,8,19,,
T,2021-11-17 16:56:29,40.75543931,-73.98559253,73,-32.000,,1.190,283,7,19,,
T,2021-11-17 16:56:30,40.75544504,-73.98561396,73,-32.000,,0.980,288,7,19,,
T,2021-11-17 16:56:31,40.75544231,-73.98565868,76,-32.000,,1.280,280,7,19,,
T,2021-11-17 16:56:32,40.75541141,-73.98571187,74,-32.000,,1.540,256,9,19,,
T,2021-11-17 16:56:33,40.75542713,-73.98573939,64,-30.000,,1.210,292,9,19,,
T,2021-11-17 16:56:34,40.75544309,-73.98575580,62,-29.000,,0.760,276,8,19,,
T,2021-11-17 16:56:35,40.75544869,-73.98578447,57,-28.000,,0.900,279,8,19,,
T,2021-11-17 16:56:36,40.75546215,-73.98579789,57,-25.000,,0.990,300,8,19,,
T,2021-11-17 16:56:37,40.75546044,-73.98582310,58,-24.000,,0.980,285,9,19,,
T,2021-11-17 16:56:38,40.75550368,-73.98582594,56,-23.000,,1.040,306,9,19,,
T,2021-11-17 16:56:39,40.75553487,-73.98582131,55,-23.000,,1.090,309,9,19,,
T,2021-11-17 16:56:40,40.75557972,-73.98580552,54,-24.000,,1.100,308,8,19,,
T,2021-11-17 16:56:41,40.75559757,-73.98579907,55,-24.000,,0.840,304,8,19,,
T,2021-11-17 16:56:42,40.75562091,-73.98580355,53,-24.000,,1.070,286,8,18,,
T,2021-11-17 16:56:43,40.75564648,-73.98578691,49,-26.000,,1.250,242,8,18,,
T,2021-11-17 16:56:44,40.75566229,-73.98578907,50,-26.000,,1.490,251,8,18,,
T,2021-11-17 16:56:45,40.75567908,-73.98580174,48,-26.000,,1.480,258,8,18,,
T,2021-11-17 16:56:46,40.75564987,-73.98582281,49,-25.000,,1.650,234,6,18,,
T,2021-11-17 16:56:47,40.75563569,-73.98584911,51,-25.000,,1.920,234,6,18,,
T,2021-11-17 16:56:48,40.75562089,-73.98588727,51,-25.000,,1.890,243,7,18,,
T,2021-11-17 16:56:49,40.75562085,-73.98591188,54,-26.000,,1.970,242,8,18,,
T,2021-11-17 16:56:50,40.75561399,-73.98593099,48,-25.000,,1.750,253,8,18,,
T,2021-11-17 16:56:51,40.75560621,-73.98594583,47,-25.000,,1.530,249,7,18,,
T,2021-11-17 16:56:52,40.75562096,-73.98592006,44,-25.000,,0.700,263,8,18,,
T,2021-11-17 16:56:54,40.75562105,-73.98593295,47,-27.000,,0.670,254,8,18,,
T,2021-11-17 16:56:55,40.75564400,-73.98592317,46,-30.000,,0.180,332,8,18,,
T,2021-11-17 16:56:56,40.75565305,-73.98592581,47,-31.000,,0.640,351,9,18,,
T,2021-11-17 16:56:59,40.75565004,-73.98594040,41,-33.000,,0.830,321,7,18,,
T,2021-11-17 16:57:01,40.75567116,-73.98593652,41,-34.000,,0.400,36,9,18,,
T,2021-11-17 16:57:02,40.75566575,-73.98595908,41,-34.000,,0.340,326,8,18,,
T,2021-11-17 16:57:03,40.75565265,-73.98599201,43,-34.000,,1.060,257,8,18,,
T,2021-11-17 16:57:05,40.75566908,-73.98600366,44,-35.000,,0.310,119,9,18,,
T,2021-11-17 16:57:06,40.75566918,-73.98603076,45,-35.000,,0.410,152,9,18,,
T,2021-11-17 16:57:07,40.75568643,-73.98604271,48,-34.000,,0.260,182,9,18,,
T,2021-11-17 16:57:08,40.75568855,-73.98606326,50,-32.000,,0.340,189,9,18,,
T,2021-11-17 16:57:09,40.75569716,-73.98608817,49,-33.000,,0.490,235,9,18,,
T,2021-11-17 16:57:10,40.75570561,-73.98610435,50,-32.000,,0.340,240,9,18,,
T,2021-11-17 16:57:11,40.75573426,-73.98611424,47,-32.000,,0.600,265,9,18,,
T,2021-11-17 16:57:12,40.75577743,-73.98609550,46,-35.000,,0.340,297,9,18,,
T,2021-11-17 16:57:14,40.75581200,-73.98611223,42,-33.000,,0.740,340,9,18,,
T,2021-11-17 16:57:15,40.75582961,-73.98611286,42,-33.000,,0.910,6,8,18,,
T,2021-11-17 16:57:16,40.75585077,-73.98611797,42,-32.000,,1.000,329,9,18,,
T,2021-11-17 16:57:17,40.75586535,-73.98612448,42,-31.000,,0.820,321,9,18,,
T,2021-11-17 16:57:18,40.75588878,-73.98613152,40,-33.000,,0.670,305,9,18,,
T,2021-11-17 16:57:19,40.75589276,-73.98614854,40,-32.000,,0.430,329,9,18,,
T,2021-11-17 16:57:20,40.75589761,-73.98616618,39,-30.000,,0.580,268,9,18,,
T,2021-11-17 16:57:21,40.75590312,-73.98618672,39,-28.000,,0.370,263,9,18,,
T,2021-11-17 16:57:22,40.75593911,-73.98618364,36,-26.000,,0.670,347,9,18,,
T,2021-11-17 16:57:23,40.75594784,-73.98620121,36,-24.000,,0.570,345,7,18,,
T,2021-11-17 16:57:24,40.75595253,-73.98622306,36,-22.000,,0.590,317,7,18,,
T,2021-11-17 16:57:25,40.75595344,-73.98623812,34,-21.000,,0.480,328,7,18,,
T,2021-11-17 16:57:26,40.75596614,-73.98625593,32,-19.000,,0.700,327,8,18,,
T,2021-11-17 16:57:27,40.75598543,-73.98624786,30,-18.000,,0.690,349,7,18,,
T,2021-11-17 16:57:28,40.75599719,-73.98626618,29,-16.000,,0.790,17,8,18,,
T,2021-11-17 16:57:29,40.75599978,-73.98629026,28,-13.000,,0.340,2,8,18,,
T,2021-11-17 16:57:30,40.75599763,-73.98626202,27,-14.000,,0.520,337,8,18,,
T,2021-11-17 16:57:32,40.75599875,-73.98628234,28,-12.000,,0.680,16,6,18,,
T,2021-11-17 16:57:33,40.75601219,-73.98627137,29,-12.000,,0.620,20,8,18,,
T,2021-11-17 16:57:34,40.75600362,-73.98628570,31,-12.000,,0.480,12,8,18,,
T,2021-11-17 16:57:36,40.75599310,-73.98628481,34,-11.000,,0.210,70,7,18,,
T,2021-11-17 16:57:37,40.75599271,-73.98629016,34,-10.000,,0.240,14,6,18,,
T,2021-11-17 16:57:38,40.75598307,-73.98629523,37,-10.000,,0.000,,6,18,,
T,2021-11-17 16:57:39,40.75597481,-73.98630077,39,-9.000,,0.000,,7,18,,
T,2021-11-17 16:57:42,40.75598401,-73.98630783,41,-8.000,,0.000,,7,18,,
T,2021-11-17 16:57:43,40.75598566,-73.98631769,41,-7.000,,0.490,338,7,18,,
T,2021-11-17 16:57:45,40.75600275,-73.98632449,43,-4.000,,0.680,42,8,18,,
T,2021-11-17 16:57:46,40.75603379,-73.98633143,43,-2.000,,0.790,11,8,18,,
T,2021-11-17 16:57:47,40.75605476,-73.98633190,44,-1.000,,0.820,12,8,18,,
T,2021-11-17 16:57:48,40.75604020,-73.98634481,44,1.000,,0.000,,8,18,,
T,2021-11-17 16:57:49,40.75604387,-73.98635499,44,2.000,,0.000,,8,18,,
T,2021-11-17 16:57:50,40.75606404,-73.98636587,45,4.000,,0.710,7,8,18,,
T,2021-11-17 16:57:51,40.75608541,-73.98638030,42,8.000,,1.190,15,8,18,,
T,2021-11-17 16:57:52,40.75610280,-73.98639492,41,10.000,,1.360,16,7,18,,
T,2021-11-17 16:57:53,40.75611668,-73.98640532,41,12.000,,1.240,3,7,18,,
T,2021-11-17 16:57:54,40.75613200,-73.98641810,41,14.000,,0.910,9,7,18,,
T,2021-11-17 16:57:55,40.75614068,-73.98643187,40,16.000,,1.170,9,7,18,,
T,2021-11-17 16:57:57,40.75615630,-73.98643997,37,19.000,,1.270,31,8,18,,
T,2021-11-17 16:57:58,40.75617256,-73.98644105,35,21.000,,0.900,22,7,18,,
T,2021-11-17 16:57:59,40.75620125,-73.98644639,33,23.000,,1.170,6,7,18,,
T,2021-11-17 16:58:00,40.75621621,-73.98644987,33,24.000,,1.160,12,7,18,,
T,2021-11-17 16:58:01,40.75623097,-73.98645323,32,26.000,,1.320,18,7,18,,
T,2021-11-17 16:58:02,40.75624754,-73.98644572,33,27.000,,1.400,24,7,18,,
T,2021-11-17 16:58:03,40.75626296,-73.98643717,33,27.000,,1.270,24,6,18,,
T,2021-11-17 16:58:04,40.75628396,-73.98643894,34,28.000,,1.190,4,7,18,,
T,2021-11-17 16:58:05,40.75629902,-73.98643976,36,29.000,,1.260,5,7,18,,
T,2021-11-17 16:58:06,40.75631013,-73.98643433,38,30.000,,1.330,15,6,18,,
T,2021-11-17 16:58:07,40.75632204,-73.98642472,41,31.000,,1.390,35,6,18,,
T,2021-11-17 16:58:08,40.75630836,-73.98641186,40,30.000,,1.270,39,7,18,,
T,2021-11-17 16:58:09,40.75634392,-73.98640134,40,33.000,,1.550,32,7,18,,
T,2021-11-17 16:58:10,40.75637443,-73.98639846,39,35.000,,1.510,27,8,18,,
T,2021-11-17 16:58:11,40.75640163,-73.98640589,37,37.000,,1.350,18,7,18,,
T,2021-11-17 16:58:12,40.75642169,-73.98641302,37,40.000,,1.070,36,8,18,,
T,2021-11-17 16:58:13,40.75643563,-73.98638400,36,39.000,,1.070,39,5,18,,
T,2021-11-17 16:58:14,40.75645931,-73.98633722,36,37.000,,1.240,40,7,18,,
T,2021-11-17 16:58:15,40.75648582,-73.98630264,35,36.000,,1.280,48,7,18,,
T,2021-11-17 16:58:19,40.75649139,-73.98631665,34,39.000,,0.500,339,8,18,,
T,2021-11-17 16:58:20,40.75650095,-73.98631999,35,39.000,,0.270,321,7,18,,
T,2021-11-17 16:58:21,40.75649598,-73.98632724,36,41.000,,0.000,,7,18,,
T,2021-11-17 16:58:22,40.75650820,-73.98633985,36,43.000,,0.480,297,7,18,,
T,2021-11-17 16:58:23,40.75650863,-73.98634920,37,44.000,,0.480,286,7,18,,
T,2021-11-17 16:58:24,40.75650910,-73.98635024,37,45.000,,0.000,,8,18,,
T,2021-11-17 16:58:26,40.75649583,-73.98641421,34,38.000,,0.000,,6,18,,
T,2021-11-17 16:58:27,40.75648761,-73.98643440,32,36.000,,0.000,,6,18,,
T,2021-11-17 16:58:28,40.75649018,-73.98641000,29,34.000,,0.000,,6,18,,
T,2021-11-17 16:58:29,40.75649559,-73.98640641,28,28.000,,0.260,346,8,18,,
T,2021-11-17 16:58:30,40.75650825,-73.98634841,28,25.000,,0.000,,8,18,,
T,2021-11-17 16:58:31,40.75651641,-73.98631937,29,23.000,,0.000,,6,18,,
T,2021-11-17 16:58:32,40.75650082,-73.98636987,29,16.000,,0.000,,6,18,,
T,2021-11-17 16:58:34,40.75649094,-73.98638058,31,18.000,,0.000,,6,18,,
T,2021-11-17 16:58:36,40.75647693,-73.98639968,33,17.000,,0.000,,6,18,,
T,2021-11-17 16:58:37,40.75648139,-73.98636690,30,16.000,,0.000,,8,18,,
T,2021-11-17 16:58:38,40.75647718,-73.98636467,31,16.000,,0.000,,7,18,,
T,2021-11-17 16:58:39,40.75648318,-73.98636745,27,17.000,,0.240,67,7,18,,
T,2021-11-17 16:58:40,40.75647826,-73.98637444,27,16.000,,0.000,,5,18,,
T,2021-11-17 16:58:41,40.75649336,-73.98636683,28,17.000,,0.750,13,5,18,,
T,2021-11-17 16:58:42,40.75650329,-73.98637140,27,17.000,,0.980,1,7,18,,
T,2021-11-17 16:58:45,40.75652381,-73.98634980,30,16.000,,0.780,12,6,18,,
T,2021-11-17 16:58:46,40.75651433,-73.98636571,32,17.000,,0.430,5,6,18,,
T,2021-11-17 16:58:47,40.75650844,-73.98638387,34,17.000,,0.560,323,5,18,,
T,2021-11-17 16:58:48,40.75650143,-73.98639617,35,18.000,,0.340,309,6,18,,
T,2021-11-17 16:58:49,40.75650126,-73.98640849,35,19.000,,0.190,316,7,18,,
T,2021-11-17 16:58:50,40.75652929,-73.98641722,37,19.000,,0.860,338,7,18,,
T,2021-11-17 16:58:51,40.75655413,-73.98641488,33,21.000,,0.740,350,6,18,,
T,2021-11-17 16:58:52,40.75657059,-73.98640728,35,22.000,,0.750,11,6,18,,
T,2021-11-17 16:58:53,40.75658318,-73.98640394,32,24.000,,0.770,357,7,18,,
T,2021-11-17 16:58:54,40.75661471,-73.98638283,32,26.000,,0.900,13,6,18,,
T,2021-11-17 16:58:55,40.75663165,-73.98636829,32,28.000,,0.840,11,6,18,,
T,2021-11-17 16:58:57,40.75665433,-73.98634856,33,30.000,,0.830,41,5,18,,
T,2021-11-17 16:58:58,40.75667420,-73.98633225,33,31.000,,1.180,45,5,18,,
T,2021-11-17 16:58:59,40.75668401,-73.98631305,33,32.000,,1.190,52,6,18,,
T,2021-11-17 16:59:00,40.75670161,-73.98631313,34,33.000,,1.010,18,6,18,,
T,2021-11-17 16:59:01,40.75671110,-73.98630151,35,34.000,,1.100,38,7,17,,
T,2021-11-17 16:59:02,40.75674139,-73.98628823,36,36.000,,1.250,35,7,18,,
T,2021-11-17 16:59:04,40.75677451,-73.98627076,36,40.000,,0.760,35,5,18,,
T,2021-11-17 16:59:05,40.75679444,-73.98626692,34,42.000,,0.630,38,5,18,,
T,2021-11-17 16:59:06,40.75680384,-73.98626756,33,44.000,,0.400,10,7,18,,
T,2021-11-17 16:59:07,40.75682578,-73.98625850,33,45.000,,0.440,26,6,18,,
T,2021-11-17 16:59:08,40.75683864,-73.98625920,31,47.000,,0.300,14,6,18,,
T,2021-11-17 16:59:09,40.75682783,-73.98626505,32,48.000,,0.000,,6,18,,
T,2021-11-17 16:59:10,40.75684597,-73.98626548,32,50.000,,0.000,,8,18,,
T,2021-11-17 16:59:11,40.75685605,-73.98626566,32,51.000,,0.000,,8,18,,
T,2021-11-17 16:59:13,40.75686435,-73.98626859,32,53.000,,0.000,,7,18,,
T,2021-11-17 16:59:14,40.75687318,-73.98626245,33,54.000,,0.660,72,8,18,,
T,2021-11-17 16:59:15,40.75690351,-73.98625921,33,56.000,,1.010,36,8,18,,
T,2021-11-17 16:59:16,40.75692622,-73.98625741,34,57.000,,0.900,27,8,18,,
T,2021-11-17 16:59:17,40.75694868,-73.98625629,33,60.000,,1.030,36,7,18,,
T,2021-11-17 16:59:18,40.75696645,-73.98625420,34,61.000,,1.060,33,7,18,,
T,2021-11-17 16:59:20,40.75698532,-73.98625117,37,63.000,,0.900,50,5,18,,
T,2021-11-17 16:59:22,40.75698757,-73.98626670,40,66.000,,0.530,20,4,18,,
T,2021-11-17 16:59:23,40.75698400,-73.98628662,41,68.000,,0.360,349,4,18,,
T,2021-11-17 16:59:24,40.75698609,-73.98629898,42,69.000,,0.240,338,5,18,,
T,2021-11-17 16:59:25,40.75697615,-73.98632161,43,71.000,,0.300,224,7,18,,
T,2021-11-17 16:59:26,40.75696860,-73.98633455,43,72.000,,0.330,235,7,18,,
T,2021-11-17 16:59:27,40.75697783,-73.98635242,42,74.000,,0.450,253,6,18,,
T,2021-11-17 16:59:28,40.75698743,-73.98637167,40,78.000,,0.000,,7,18,,
T,2021-11-17 16:59:29,40.75699247,-73.98638663,38,80.000,,0.000,,8,18,,
T,2021-11-17 16:59:30,40.75698800,-73.98640501,37,83.000,,0.000,,8,18,,
T,2021-11-17 16:59:31,40.75699511,-73.98642007,36,86.000,,0.000,,8,18,,
T,2021-11-17 16:59:32,40.75700920,-73.98643209,35,89.000,,0.000,,9,18,,
T,2021-11-17 16:59:33,40.75701680,-73.98643985,34,91.000,,0.000,,8,18,,
T,2021-11-17 16:59:34,40.75703195,-73.98645112,33,93.000,,0.000,,8,18,,
T,2021-11-17 16:59:35,40.75705846,-73.98646601,31,97.000,,0.000,,8,18,,
T,2021-11-17 16:59:36,40.75708232,-73.98647131,29,98.000,,0.370,17,8,18,,
T,2021-11-17 16:59:37,40.75709118,-73.98648362,29,100.000,,0.610,18,9,17,,
T,2021-11-17 16:59:38,40.75711906,-73.98647539,28,100.000,,0.790,33,8,18,,
T,2021-11-17 16:59:39,40.75711866,-73.98649487,27,102.000,,0.510,350,8,18,,
T,2021-11-17 16:59:40,40.75714560,-73.98648450,24,102.000,,0.880,18,7,18,,
T,2021-11-17 16:59:41,40.75716164,-73.98648238,21,104.000,,1.220,52,8,18,,
T,2021-11-17 16:59:42,40.75722810,-73.98639335,22,102.000,,0.930,26,8,18,,
T,2021-11-17 16:59:43,40.75727116,-73.98632543,23,101.000,,1.100,36,7,18,,
T,2021-11-17 16:59:44,40.75732167,-73.98620932,24,104.000,,1.190,38,7,18,,
T,2021-11-17 16:59:45,40.75731358,-73.98622687,22,91.000,,0.420,214,7,18,,
T,2021-11-17 16:59:46,40.75732128,-73.98621889,21,90.000,,0.630,262,8,18,,
T,2021-11-17 16:59:47,40.75733136,-73.98618777,22,88.000,,0.440,257,8,18,,
T,2021-11-17 16:59:48,40.75733355,-73.98624082,23,77.000,,0.370,307,8,18,,
T,2021-11-17 16:59:49,40.75734415,-73.98624399,23,77.000,,0.190,282,8,18,,
T,2021-11-17 16:59:50,40.75734200,-73.98629660,24,67.000,,0.430,287,9,18,,
T,2021-11-17 16:59:51,40.75734110,-73.98629695,23,67.000,,0.000,,9,18,,
T,2021-11-17 16:59:52,40.75734647,-73.98630984,24,65.000,,0.000,,9,18,,
T,2021-11-17 16:59:54,40.75733690,-73.98632172,25,66.000,,0.000,,9,18,,
T,2021-11-17 16:59:57,40.75734237,-73.98633430,25,66.000,,0.000,,8,18,,
T,2021-11-17 16:59:58,40.75734250,-73.98631950,24,66.000,,0.000,,9,18,,
T,2021-11-17 16:59:59,40.75733600,-73.98633771,23,66.000,,0.000,,9,18,,
T,2021-11-17 17:00:06,40.75733480,-73.98632802,21,66.000,,0.000,,9,18,,
T,2021-11-17 17:00:07,40.75733070,-73.98634275,21,65.000,,0.760,240,9,18,,
T,2021-11-17 17:00:09,40.75727918,-73.98636451,21,63.000,,0.690,279,9,18,,
T,2021-11-17 17:00:10,40.75726369,-73.98637401,22,63.000,,0.600,288,8,18,,
T,2021-11-17 17:00:11,40.75722900,-73.98638347,23,61.000,,0.420,251,8,18,,
T,2021-11-17 17:00:12,40.75718023,-73.98638667,24,60.000,,0.840,180,8,18,,
T,2021-11-17 17:00:13,40.75719255,-73.98636766,23,60.000,,0.510,98,8,18,,
T,2021-11-17 17:00:14,40.75717856,-73.98635990,22,59.000,,0.560,118,8,18,,
T,2021-11-17 17:00:15,40.75719082,-73.98634467,23,59.000,,0.470,77,8,18,,
T,2021-11-17 17:00:16,40.75719877,-73.98632040,21,59.000,,0.640,60,7,18,,
T,2021-11-17 17:00:17,40.75718968,-73.98631424,20,59.000,,0.570,40,7,18,,
T,2021-11-17 17:00:18,40.75717453,-73.98629361,20,57.000,,0.620,56,7,18,,
T,2021-11-17 17:00:19,40.75718795,-73.98628317,20,58.000,,0.750,40,7,18,,
T,2021-11-17 17:00:20,40.75717895,-73.98628601,22,58.000,,0.530,37,7,18,,
T,2021-11-17 17:00:21,40.75719663,-73.98627178,23,59.000,,0.790,34,7,18,,
T,2021-11-17 17:00:22,40.75721798,-73.98625870,25,59.000,,1.040,29,7,18,,
T,2021-11-17 17:00:24,40.75720873,-73.98625471,30,61.000,,0.740,29,7,18,,
T,2021-11-17 17:00:25,40.75725153,-73.98623739,32,61.000,,1.140,6,4,18,,
T,2021-11-17 17:00:26,40.75727611,-73.98622589,31,62.000,,1.010,6,6,18,,
T,2021-11-17 17:00:27,40.75726179,-73.98621794,30,62.000,,0.500,116,6,18,,
T,2021-11-17 17:00:28,40.75726992,-73.98620710,30,63.000,,0.450,139,7,18,,
T,2021-11-17 17:00:29,40.75725539,-73.98620551,31,64.000,,0.610,165,7,18,,
T,2021-11-17 17:00:30,40.75724795,-73.98620016,31,65.000,,0.440,159,6,18,,
T,2021-11-17 17:00:31,40.75724511,-73.98620457,30,66.000,,0.000,,6,18,,
T,2021-11-17 17:00:32,40.75724048,-73.98620456,31,67.000,,0.000,,5,18,,
T,2021-11-17 17:00:33,40.75725113,-73.98620112,34,68.000,,0.210,25,7,17,,
T,2021-11-17 17:00:34,40.75724776,-73.98620742,33,70.000,,0.000,,8,18,,
T,2021-11-17 17:00:35,40.75726434,-73.98620011,33,70.000,,0.000,,7,17,,
T,2021-11-17 17:00:36,40.75728984,-73.98619013,35,71.000,,0.390,24,7,17,,
T,2021-11-17 17:00:37,40.75727823,-73.98619600,36,72.000,,0.000,,7,18,,
T,2021-11-17 17:00:38,40.75730678,-73.98618590,37,71.000,,0.000,,7,18,,
T,2021-11-17 17:00:40,40.75732870,-73.98618769,36,73.000,,0.000,,8,18,,
T,2021-11-17 17:00:42,40.75734731,-73.98619001,37,74.000,,0.000,,8,18,,
T,2021-11-17 17:00:43,40.75738245,-73.98618196,38,75.000,,0.000,,8,18,,
T,2021-11-17 17:00:44,40.75739419,-73.98618052,39,75.000,,0.000,,8,18,,
T,2021-11-17 17:00:45,40.75741609,-73.98617507,40,75.000,,0.000,,8,18,,
T,2021-11-17 17:00:46,40.75744185,-73.98616950,44,75.000,,0.520,352,7,18,,
T,2021-11-17 17:00:47,40.75748134,-73.98617171,43,79.000,,0.660,27,7,18,,
T,2021-11-17 17:00:48,40.75750790,-73.98618237,42,81.000,,0.750,356,8,18,,
T,2021-11-17 17:00:49,40.75753688,-73.98618625,44,83.000,,0.700,357,6,18,,
T,2021-11-17 17:00:50,40.75755613,-73.98618846,44,85.000,,0.740,5,6,18,,
T,2021-11-17 17:00:51,40.75756879,-73.98619650,42,86.000,,0.680,30,6,18,,
T,2021-11-17 17:00:52,40.75759862,-73.98617285,38,86.000,,1.070,41,7,18,,
T,2021-11-17 17:00:53,40.75763476,-73.98615005,36,86.000,,0.870,45,7,18,,
T,2021-11-17 17:00:54,40.75765515,-73.98614204,34,87.000,,1.120,32,7,18,,
T,2021-11-17 17:00:55,40.75767912,-73.98612870,32,87.000,,0.500,9,7,18,,
T,2021-11-17 17:00:56,40.75772038,-73.98609545,32,87.000,,1.610,31,7,18,,
T,2021-11-17 17:00:57,40.75775570,-73.98606267,31,86.000,,1.660,33,7,18,,
T,2021-11-17 17:00:58,40.75776673,-73.98606510,33,86.000,,0.000,,7,18,,
T,2021-11-17 17:00:59,40.75778249,-73.98605908,33,87.000,,0.930,35,7,18,,
T,2021-11-17 17:01:00,40.75780506,-73.98603059,32,86.000,,1.100,49,7,18,,
T,2021-11-17 17:01:02,40.75781830,-73.98602841,34,88.000,,0.870,47,8,18,,
T,2021-11-17 17:01:03,40.75783450,-73.98600429,37,91.000,,1.150,49,8,18,,
T,2021-11-17 17:01:04,40.75783796,-73.98599999,37,92.000,,0.000,,8,19,,
T,2021-11-17 17:01:06,40.75784969,-73.98601878,35,91.000,,0.000,,9,19,,
T,2021-11-17 17:01:07,40.75785207,-73.98603758,34,86.000,,0.000,,9,19,,
T,2021-11-17 17:01:08,40.75785458,-73.98602846,34,89.000,,0.300,58,9,19,,
T,2021-11-17 17:01:09,40.75788175,-73.98605619,34,78.000,,0.620,16,9,19,,
T,2021-11-17 17:01:10,40.75790334,-73.98605488,35,76.000,,0.760,21,9,19,,
T,2021-11-17 17:01:11,40.75789638,-73.98605940,33,77.000,,0.000,,9,19,,
T,2021-11-17 17:01:12,40.75789239,-73.98607221,31,77.000,,0.000,,8,19,,
T,2021-11-17 17:01:17,40.75784804,-73.98607637,31,72.000,,0.000,,9,19,,
T,2021-11-17 17:01:33,40.75784879,-73.98608073,25,67.000,,0.000,,8,19,,
T,2021-11-17 17:01:34,40.75784515,-73.98607820,25,67.000,,0.350,28,8,19,,
T,2021-11-17 17:01:35,40.75785287,-73.98606294,24,66.000,,0.720,35,6,19,,
T,2021-11-17 17:01:36,40.75786442,-73.98606581,21,66.000,,0.720,350,6,19,,
T,2021-11-17 17:01:37,40.75787011,-73.98605237,22,65.000,,0.530,35,8,19,,
T,2021-11-17 17:01:38,40.75786670,-73.98603198,22,63.000,,0.490,33,8,19,,
T,2021-11-17 17:01:39,40.75787416,-73.98601187,22,63.000,,0.830,44,8,19,,
T,2021-11-17 17:01:40,40.75790527,-73.98597699,21,62.000,,0.930,39,6,19,,
T,2021-11-17 17:01:41,40.75793396,-73.98594328,21,61.000,,1.040,28,6,19,,
T,2021-11-17 17:01:42,40.75795116,-73.98591757,21,61.000,,1.110,31,8,19,,
T,2021-11-17 17:01:43,40.75797250,-73.98588193,21,60.000,,0.910,37,8,19,,
T,2021-11-17 17:01:44,40.75799873,-73.98585720,20,59.000,,1.110,23,7,18,,
T,2021-11-17 17:01:46,40.75801112,-73.98584538,21,61.000,,0.990,29,7,19,,
T,2021-11-17 17:01:47,40.75802211,-73.98584403,21,62.000,,0.940,14,8,19,,
T,2021-11-17 17:01:48,40.75804319,-73.98581675,22,62.000,,0.960,42,7,19,,
T,2021-11-17 17:01:50,40.75809601,-73.98580057,24,65.000,,1.860,24,8,19,,
T,2021-11-17 17:01:51,40.75814686,-73.98577093,24,65.000,,1.630,35,6,19,,
T,2021-11-17 17:01:53,40.75816666,-73.98576035,23,68.000,,1.110,43,7,19,,
T,2021-11-17 17:01:54,40.75818857,-73.98576098,22,69.000,,0.620,25,7,19,,
T,2021-11-17 17:01:55,40.75819793,-73.98575435,22,69.000,,0.620,26,7,19,,
T,2021-11-17 17:01:56,40.75822189,-73.98575109,21,70.000,,1.010,10,6,18,,
T,2021-11-17 17:01:57,40.75824630,-73.98574652,21,71.000,,1.180,34,7,19,,
T,2021-11-17 17:01:58,40.75827154,-73.98574665,22,72.000,,1.070,18,7,19,,
T,2021-11-17 17:01:59,40.75828452,-73.98575263,21,74.000,,0.730,12,6,19,,
T,2021-11-17 17:02:00,40.75829390,-73.98576397,22,75.000,,0.730,348,6,19,,
T,2021-11-17 17:02:01,40.75830501,-73.98577136,23,76.000,,0.810,349,6,19,,
T,2021-11-17 17:02:03,40.75831334,-73.98577824,26,79.000,,0.790,11,7,19,,
T,2021-11-17 17:02:05,40.75832827,-73.98579124,29,80.000,,0.730,355,7,19,,
T,2021-11-17 17:02:06,40.75834555,-73.98579049,27,81.000,,1.090,7,7,19,,
T,2021-11-17 17:02:07,40.75836015,-73.98579370,29,81.000,,1.080,5,7,19,,
T,2021-11-17 17:02:08,40.75836398,-73.98580530,28,81.000,,0.690,4,7,19,,
T,2021-11-17 17:02:09,40.75837507,-73.98580929,29,81.000,,0.770,5,7,19,,
T,2021-11-17 17:02:10,40.75837685,-73.98578606,30,81.000,,0.850,98,7,19,,
T,2021-11-17 17:02:11,40.75838576,-73.98579727,28,81.000,,0.610,4,8,19,,
T,2021-11-17 17:02:12,40.75840203,-73.98579821,28,81.000,,0.630,21,6,19,,
T,2021-11-17 17:02:13,40.75841352,-73.98580189,27,81.000,,0.680,19,8,19,,
T,2021-11-17 17:02:14,40.75842208,-73.98579811,27,81.000,,0.830,22,8,19,,
T,2021-11-17 17:02:15,40.75843090,-73.98579506,27,82.000,,0.660,38,6,19,,
T,2021-11-17 17:02:17,40.75844060,-73.98579958,29,83.000,,0.700,14,8,19,,
T,2021-11-17 17:02:18,40.75845598,-73.98580024,30,83.000,,0.850,6,8,19,,
T,2021-11-17 17:02:19,40.75847138,-73.98580810,30,84.000,,0.880,358,8,19,,
T,2021-11-17 17:02:21,40.75848455,-73.98581243,33,84.000,,0.890,18,6,19,,
T,2021-11-17 17:02:22,40.75849455,-73.98581147,33,85.000,,0.960,20,7,19,,
T,2021-11-17 17:02:23,40.75850552,-73.98583457,34,86.000,,0.910,358,7,19,,
T,2021-11-17 17:02:24,40.75852270,-73.98581886,37,87.000,,1.000,10,6,19,,
T,2021-11-17 17:02:25,40.75854232,-73.98580592,35,90.000,,0.900,19,7,19,,
T,2021-11-17 17:02:27,40.75854906,-73.98579134,36,94.000,,0.440,16,8,19,,
T,2021-11-17 17:02:28,40.75854654,-73.98590715,33,79.000,,0.650,21,8,19,,
T,2021-11-17 17:02:29,40.75856322,-73.98589204,30,81.000,,0.530,45,7,19,,
T,2021-11-17 17:02:30,40.75857488,-73.98588352,29,83.000,,0.620,30,9,19,,
T,2021-11-17 17:02:31,40.75855726,-73.98589280,27,84.000,,0.370,20,8,18,,
T,2021-11-17 17:02:32,40.75855441,-73.98586436,25,81.000,,0.000,,8,18,,
T,2021-11-17 17:02:33,40.75856434,-73.98585207,24,81.000,,0.000,,9,18,,
T,2021-11-17 17:02:34,40.75858082,-73.98582940,22,81.000,,0.000,,9,18,,
T,2021-11-17 17:02:35,40.75858495,-73.98582973,21,82.000,,0.400,21,9,18,,
T,2021-11-17 17:02:36,40.75856771,-73.98583870,20,81.000,,0.270,25,9,18,,
T,2021-11-17 17:02:37,40.75856647,-73.98583608,18,82.000,,0.000,,8,18,,
T,2021-11-17 17:02:39,40.75855555,-73.98583847,18,83.000,,0.000,,7,18,,
T,2021-11-17 17:02:40,40.75854306,-73.98584024,18,82.000,,0.000,,8,18,,
T,2021-11-17 17:02:41,40.75851732,-73.98583963,16,82.000,,0.000,,9,18,,
T,2021-11-17 17:02:44,40.75852259,-73.98581182,16,79.000,,0.000,,6,18,,
T,2021-11-17 17:02:46,40.75853195,-73.98581040,18,80.000,,0.000,,7,18,,
T,2021-11-17 17:02:52,40.75853777,-73.98580827,16,80.000,,0.000,,6,18,,
T,2021-11-17 17:02:53,40.75854604,-73.98580295,15,80.000,,0.470,37,6,18,,
T,2021-11-17 17:02:55,40.75855837,-73.98578972,16,83.000,,0.560,51,6,18,,
T,2021-11-17 17:02:57,40.75857598,-73.98576580,18,84.000,,0.910,49,7,18,,
T,2021-11-17 17:02:58,40.75859017,-73.98575594,19,85.000,,0.480,16,7,18,,
T,2021-11-17 17:02:59,40.75857283,-73.98575703,20,84.000,,0.480,7,7,18,,
T,2021-11-17 17:03:00,40.75853997,-73.98574282,21,83.000,,0.430,35,6,18,,
T,2021-11-17 17:03:01,40.75851561,-73.98574977,22,81.000,,0.490,351,6,18,,
T,2021-11-17 17:03:02,40.75849892,-73.98575203,25,80.000,,0.700,357,7,18,,
T,2021-11-17 17:03:03,40.75848333,-73.98576290,27,80.000,,0.730,346,7,18,,
T,2021-11-17 17:03:04,40.75849426,-73.98573300,27,79.000,,0.610,5,6,18,,
T,2021-11-17 17:03:07,40.75847956,-73.98572416,31,79.000,,0.660,72,5,18,,
T,2021-11-17 17:03:08,40.75847364,-73.98572655,32,79.000,,0.000,,7,18,,
T,2021-11-17 17:03:09,40.75847130,-73.98571279,35,79.000,,0.530,76,7,18,,
T,2021-11-17 17:03:11,40.75848032,-73.98570387,35,80.000,,0.450,14,6,18,,
T,2021-11-17 17:03:12,40.75848343,-73.98569171,35,81.000,,0.380,169,5,18,,
T,2021-11-17 17:03:14,40.75848623,-73.98567287,40,82.000,,0.250,162,5,18,,
T,2021-11-17 17:03:16,40.75848577,-73.98570440,48,81.000,,0.570,254,3,18,,
T,2021-11-17 17:03:17,40.75851271,-73.98569973,52,82.000,,0.490,308,4,18,,
T,2021-11-17 17:03:18,40.75852540,-73.98571642,57,82.000,,0.890,300,4,18,,
T,2021-11-17 17:03:19,40.75853909,-73.98573225,66,81.000,,1.250,293,4,18,,
T,2021-11-17 17:03:20,40.75856077,-73.98576678,74,82.000,,1.880,291,6,18,,
T,2021-11-17 17:03:21,40.75859517,-73.98574433,62,83.000,,1.120,325,5,18,,
T,2021-11-17 17:03:24,40.75859821,-73.98568900,72,83.000,,0.580,324,2,18,,
T,2021-11-17 17:03:26,40.75861254,-73.98568913,87,83.000,,0.680,321,3,18,,
T,2021-11-17 17:03:28,40.75862807,-73.98569956,111,84.000,,0.760,324,1,18,,
T,2021-11-17 17:03:30,40.75867792,-73.98572324,131,83.000,,0.940,339,2,18,,
T,2021-11-17 17:03:31,40.75868720,-73.98572252,147,84.000,,0.950,338,1,18,,
T,2021-11-17 17:03:32,40.75870142,-73.98571547,156,83.000,,0.820,359,1,18,,
T,2021-11-17 17:03:33,40.75871298,-73.98571505,159,84.000,,0.990,342,2,18,,
T,2021-11-17 17:03:34,40.75872255,-73.98570727,162,84.000,,0.960,355,2,18,,
T,2021-11-17 17:03:35,40.75873238,-73.98569406,165,84.000,,0.910,12,2,18,,
T,2021-11-17 17:03:36,40.75874203,-73.98569105,176,84.000,,0.960,359,1,18,,
T,2021-11-17 17:03:37,40.75875194,-73.98567438,194,85.000,,1.240,40,1,18,,
T,2021-11-17 17:03:39,40.75876713,-73.98566300,240,86.000,,1.200,38,,18,,
