type,date time,latitude,longitude,accuracy(m),altitude(m),geoid_height(m),speed(m/s),bearing(deg),sat_used,sat_inview,name,desc
T,2021-11-17 18:59:31,40.72947830,-73.99658280,19,-22.000,,0.000,,5,19,20211117-135931,GPS Logger: 20211117-135931
T,2021-11-17 18:59:32,40.72947060,-73.99657336,22,-20.000,,0.000,,5,19,,
T,2021-11-17 18:59:33,40.72951923,-73.99659176,24,-20.000,,0.000,,6,19,,
T,2021-11-17 18:59:34,40.72952865,-73.99658419,25,-14.000,,0.000,,6,19,,
T,2021-11-17 18:59:35,40.72952486,-73.99656437,25,-10.000,,0.000,,8,19,,
T,2021-11-17 18:59:36,40.72957238,-73.99658485,25,-7.000,,0.000,,5,19,,
T,2021-11-17 18:59:37,40.72959243,-73.99659908,22,-5.000,,0.000,,6,19,,
T,2021-11-17 18:59:38,40.72957996,-73.99659321,21,-5.000,,0.000,,10,19,,
T,2021-11-17 18:59:39,40.72959160,-73.99659449,20,-2.000,,0.000,,10,19,,
T,2021-11-17 18:59:41,40.72958235,-73.99658231,20,-3.000,,0.000,,8,19,,
T,2021-11-17 18:59:43,40.72959046,-73.99658852,22,-3.000,,0.000,,8,19,,
T,2021-11-17 18:59:44,40.72958983,-73.99658724,22,-2.000,,0.000,,7,19,,
T,2021-11-17 18:59:45,40.72959666,-73.99657865,26,0.000,,1.280,358,5,19,,
T,2021-11-17 18:59:46,40.72972135,-73.99664146,25,1.000,,2.490,352,8,19,,
T,2021-11-17 18:59:47,40.72966229,-73.99659204,22,0.000,,0.000,,5,19,,
T,2021-11-17 18:59:50,40.72965245,-73.99658722,20,-2.000,,0.000,,8,19,,
T,2021-11-17 18:59:51,40.72970330,-73.99660958,20,-4.000,,0.900,3,8,19,,
T,2021-11-17 18:59:52,40.72972260,-73.99662475,20,-5.000,,1.120,1,8,19,,
T,2021-11-17 18:59:53,40.72973753,-73.99663677,18,-6.000,,1.130,353,8,19,,
T,2021-11-17 18:59:54,40.72976943,-73.99664767,18,-8.000,,1.190,352,9,19,,
T,2021-11-17 18:59:56,40.72980531,-73.99666274,15,-6.000,,0.410,360,9,19,,
T,2021-11-17 18:59:57,40.72982237,-73.99666589,11,-6.000,,0.400,17,8,19,,
T,2021-11-17 18:59:58,40.72980373,-73.99664652,11,-4.000,,1.140,152,11,19,,
T,2021-11-17 19:00:00,40.72982393,-73.99664862,11,-3.000,,0.640,43,10,19,,
T,2021-11-17 19:00:01,40.72985362,-73.99666676,11,-2.000,,0.750,1,10,19,,
T,2021-11-17 19:00:03,40.72987436,-73.99668614,11,-2.000,,0.260,89,9,19,,
T,2021-11-17 19:00:04,40.72987256,-73.99667049,11,-2.000,,0.580,71,9,19,,
T,2021-11-17 19:00:05,40.72986568,-73.99665947,12,-2.000,,0.450,59,10,19,,
T,2021-11-17 19:00:07,40.72989020,-73.99665442,14,-3.000,,0.940,2,9,19,,
T,2021-11-17 19:00:08,40.72990568,-73.99665899,13,-4.000,,1.140,9,8,19,,
T,2021-11-17 19:00:09,40.72992499,-73.99667293,14,-3.000,,0.850,341,10,19,,
T,2021-11-17 19:00:10,40.72994294,-73.99668071,13,-4.000,,0.590,327,10,19,,
T,2021-11-17 19:00:12,40.72995170,-73.99668455,13,-6.000,,0.460,48,9,19,,
T,2021-11-17 19:00:13,40.72996179,-73.99669743,13,-6.000,,1.020,348,9,19,,
T,2021-11-17 19:00:14,40.72997527,-73.99671019,13,-6.000,,0.960,346,9,19,,
T,2021-11-17 19:00:16,40.72998546,-73.99671763,12,-4.000,,0.580,16,10,19,,
T,2021-11-17 19:00:18,40.72999068,-73.99673002,10,-7.000,,0.290,37,10,19,,
T,2021-11-17 19:00:19,40.73001345,-73.99674421,10,-6.000,,0.440,2,10,19,,
T,2021-11-17 19:00:21,40.73004086,-73.99676014,9,-8.000,,1.130,356,10,19,,
T,2021-11-17 19:00:23,40.73005827,-73.99677699,6,-8.000,,0.870,332,10,19,,
T,2021-11-17 19:00:24,40.73007674,-73.99679358,6,-9.000,,0.980,337,11,19,,
T,2021-11-17 19:00:25,40.73009879,-73.99679638,5,-12.000,,1.370,346,11,19,,
T,2021-11-17 19:00:26,40.73010817,-73.99679808,5,-12.000,,1.350,343,10,19,,
T,2021-11-17 19:00:27,40.73012729,-73.99680154,4,-13.000,,1.340,346,10,19,,
T,2021-11-17 19:00:29,40.73014661,-73.99680450,4,-13.000,,0.450,2,10,19,,
T,2021-11-17 19:00:30,40.73015906,-73.99682587,4,-15.000,,1.110,335,10,19,,
T,2021-11-17 19:00:31,40.73016725,-73.99683131,4,-13.000,,1.070,336,11,19,,
T,2021-11-17 19:00:32,40.73018153,-73.99683262,4,-14.000,,0.870,344,11,19,,
T,2021-11-17 19:00:34,40.73020131,-73.99684062,4,-14.000,,0.910,338,11,19,,
T,2021-11-17 19:00:36,40.73022042,-73.99684266,5,-15.000,,0.900,354,12,20,,
T,2021-11-17 19:00:37,40.73023633,-73.99684424,4,-15.000,,0.980,359,12,20,,
T,2021-11-17 19:00:38,40.73024724,-73.99684929,4,-15.000,,1.160,359,11,20,,
T,2021-11-17 19:00:40,40.73026195,-73.99683300,4,-16.000,,0.840,15,12,20,,
T,2021-11-17 19:00:42,40.73027069,-73.99682807,4,-15.000,,0.520,359,12,20,,
T,2021-11-17 19:00:43,40.73028247,-73.99682843,4,-14.000,,0.940,348,11,20,,
T,2021-11-17 19:00:44,40.73029611,-73.99683375,4,-12.000,,1.090,334,11,20,,
T,2021-11-17 19:00:45,40.73030937,-73.99682954,4,-12.000,,0.980,330,11,20,,
T,2021-11-17 19:00:47,40.73033198,-73.99682228,4,-12.000,,1.400,1,12,20,,
T,2021-11-17 19:00:48,40.73034239,-73.99682951,4,-12.000,,1.270,344,11,20,,
T,2021-11-17 19:00:49,40.73035143,-73.99683861,3,-12.000,,1.300,346,10,20,,
T,2021-11-17 19:00:50,40.73036556,-73.99683989,4,-12.000,,1.480,341,10,20,,
T,2021-11-17 19:00:51,40.73037863,-73.99684901,4,-12.000,,1.330,341,11,20,,
T,2021-11-17 19:00:52,40.73039106,-73.99685643,4,-13.000,,1.270,335,11,20,,
T,2021-11-17 19:00:53,40.73040075,-73.99686614,4,-12.000,,1.190,331,10,20,,
T,2021-11-17 19:00:54,40.73041530,-73.99686185,4,-13.000,,1.350,350,10,20,,
T,2021-11-17 19:00:55,40.73042650,-73.99686544,5,-13.000,,1.500,342,10,20,,
T,2021-11-17 19:00:57,40.73044508,-73.99687599,5,-15.000,,1.070,316,10,20,,
T,2021-11-17 19:00:58,40.73045779,-73.99688376,4,-15.000,,0.890,338,11,20,,
T,2021-11-17 19:00:59,40.73046607,-73.99688939,5,-15.000,,0.860,330,11,20,,
T,2021-11-17 19:01:01,40.73048532,-73.99691205,5,-16.000,,1.420,314,11,22,,
T,2021-11-17 19:01:02,40.73048092,-73.99692412,5,-15.000,,0.750,297,11,22,,
T,2021-11-17 19:01:03,40.73048191,-73.99693023,5,-16.000,,0.590,296,8,22,,
T,2021-11-17 19:01:04,40.73048899,-73.99692619,5,-15.000,,0.000,,10,22,,
T,2021-11-17 19:01:05,40.73048316,-73.99692175,5,-16.000,,0.380,162,10,22,,
T,2021-11-17 19:01:06,40.73049077,-73.99693525,4,-15.000,,0.000,,10,22,,
T,2021-11-17 19:01:08,40.73049495,-73.99693301,4,-15.000,,0.000,,10,22,,
T,2021-11-17 19:01:09,40.73050546,-73.99693738,4,-15.000,,0.650,314,10,22,,
T,2021-11-17 19:01:10,40.73052027,-73.99695265,4,-14.000,,1.090,301,11,22,,
T,2021-11-17 19:01:11,40.73052555,-73.99697224,5,-14.000,,1.450,293,12,22,,
T,2021-11-17 19:01:12,40.73053576,-73.99698240,5,-14.000,,1.250,325,10,22,,
T,2021-11-17 19:01:13,40.73054983,-73.99699724,5,-13.000,,1.140,327,10,22,,
T,2021-11-17 19:01:14,40.73056073,-73.99700975,6,-14.000,,1.190,332,10,22,,
T,2021-11-17 19:01:15,40.73060207,-73.99700544,5,-15.000,,0.910,351,12,22,,
T,2021-11-17 19:01:18,40.73060761,-73.99701801,4,-16.000,,0.940,310,11,22,,
T,2021-11-17 19:01:19,40.73061659,-73.99702200,4,-16.000,,0.910,326,11,22,,
T,2021-11-17 19:01:21,40.73062581,-73.99704266,5,-17.000,,0.920,292,11,22,,
T,2021-11-17 19:01:22,40.73062962,-73.99705507,5,-17.000,,1.110,293,11,22,,
T,2021-11-17 19:01:24,40.73063654,-73.99708945,4,-18.000,,0.990,280,12,22,,
T,2021-11-17 19:01:25,40.73064327,-73.99710208,4,-18.000,,0.770,277,11,22,,
T,2021-11-17 19:01:26,40.73064348,-73.99711819,4,-18.000,,1.040,268,11,22,,
T,2021-11-17 19:01:27,40.73065867,-73.99713701,4,-18.000,,1.160,295,11,22,,
T,2021-11-17 19:01:28,40.73067204,-73.99714294,4,-18.000,,0.700,309,11,22,,
T,2021-11-17 19:01:30,40.73067383,-73.99715515,4,-18.000,,0.620,275,11,22,,
T,2021-11-17 19:01:31,40.73066913,-73.99716618,4,-18.000,,0.880,258,9,22,,
T,2021-11-17 19:01:32,40.73066423,-73.99718033,4,-18.000,,1.000,237,10,22,,
T,2021-11-17 19:01:33,40.73066078,-73.99719579,5,-18.000,,0.930,234,8,22,,
T,2021-11-17 19:01:34,40.73065524,-73.99720748,5,-18.000,,0.790,229,11,22,,
T,2021-11-17 19:01:35,40.73063919,-73.99722132,5,-18.000,,1.450,226,10,22,,
T,2021-11-17 19:01:38,40.73064995,-73.99722329,4,-19.000,,0.330,249,10,22,,
T,2021-11-17 19:01:39,40.73064606,-73.99722783,4,-20.000,,0.000,,10,22,,
T,2021-11-17 19:01:45,40.73065702,-73.99722332,6,-21.000,,0.000,,4,22,,
T,2021-11-17 19:01:52,40.73066427,-73.99721298,8,-22.000,,0.000,,9,22,,
T,2021-11-17 19:04:08,40.73066174,-73.99720704,7,-22.000,,0.000,,6,20,,
T,2021-11-17 19:04:09,40.73066385,-73.99721666,6,-21.000,,0.370,330,10,21,,
T,2021-11-17 19:04:10,40.73065429,-73.99722419,5,-21.000,,0.690,294,10,21,,
T,2021-11-17 19:04:11,40.73065237,-73.99724826,5,-21.000,,0.940,294,10,22,,
T,2021-11-17 19:04:13,40.73065156,-73.99726911,4,-21.000,,0.630,289,13,22,,
T,2021-11-17 19:04:15,40.73066108,-73.99727467,4,-21.000,,0.620,290,13,22,,
T,2021-11-17 19:04:16,40.73067749,-73.99727636,4,-21.000,,0.860,290,13,22,,
T,2021-11-17 19:04:18,40.73067740,-73.99729971,3,-21.000,,1.030,290,13,22,,
T,2021-11-17 19:04:20,40.73066972,-73.99731576,3,-22.000,,0.990,268,12,22,,
T,2021-11-17 19:04:21,40.73066912,-73.99732839,3,-21.000,,0.970,268,12,22,,
T,2021-11-17 19:04:23,40.73066675,-73.99735009,4,-22.000,,1.030,268,11,22,,
T,2021-11-17 19:04:24,40.73066653,-73.99737156,4,-22.000,,1.370,268,12,22,,
T,2021-11-17 19:04:26,40.73067072,-73.99739295,4,-21.000,,0.770,302,11,22,,
T,2021-11-17 19:04:27,40.73067130,-73.99740070,4,-21.000,,0.460,302,11,22,,
T,2021-11-17 19:04:28,40.73067294,-73.99740313,4,-20.000,,0.000,,10,22,,
T,2021-11-17 19:04:31,40.73068135,-73.99739423,4,-21.000,,0.000,,11,22,,
T,2021-11-17 19:04:32,40.73068176,-73.99739297,4,-21.000,,0.000,,11,22,,
T,2021-11-17 19:04:33,40.73067827,-73.99739719,4,-21.000,,0.240,302,12,22,,
T,2021-11-17 19:04:34,40.73067666,-73.99741262,4,-20.000,,0.940,302,12,22,,
T,2021-11-17 19:04:35,40.73066823,-73.99743079,4,-20.000,,1.160,256,12,22,,
T,2021-11-17 19:04:36,40.73065997,-73.99744707,4,-20.000,,1.180,255,12,22,,
T,2021-11-17 19:04:37,40.73065428,-73.99745697,4,-20.000,,1.200,255,11,22,,
T,2021-11-17 19:04:38,40.73065375,-73.99747381,4,-21.000,,1.290,255,12,22,,
T,2021-11-17 19:04:39,40.73064184,-73.99749499,3,-19.000,,0.960,244,12,22,,
T,2021-11-17 19:04:40,40.73063682,-73.99750564,3,-19.000,,1.030,244,12,22,,
T,2021-11-17 19:04:42,40.73062557,-73.99752606,3,-19.000,,0.980,243,13,22,,
T,2021-11-17 19:04:43,40.73061789,-73.99753321,3,-19.000,,1.050,242,12,22,,
T,2021-11-17 19:04:45,40.73061510,-73.99755515,3,-19.000,,1.290,242,13,22,,
T,2021-11-17 19:04:46,40.73061268,-73.99756883,3,-19.000,,1.250,242,13,22,,
T,2021-11-17 19:04:47,40.73061332,-73.99758241,3,-20.000,,1.190,242,12,22,,
T,2021-11-17 19:04:48,40.73060657,-73.99759996,3,-20.000,,1.430,242,13,22,,
T,2021-11-17 19:04:49,40.73060192,-73.99761241,3,-21.000,,1.500,242,13,22,,
T,2021-11-17 19:04:50,40.73059086,-73.99762205,3,-20.000,,1.360,242,12,22,,
T,2021-11-17 19:04:52,40.73058043,-73.99763715,3,-21.000,,0.870,242,12,22,,
T,2021-11-17 19:04:54,40.73056494,-73.99766346,3,-21.000,,1.380,221,13,22,,
T,2021-11-17 19:04:55,40.73055742,-73.99768015,3,-20.000,,1.330,238,13,22,,
T,2021-11-17 19:04:56,40.73054947,-73.99769164,3,-20.000,,1.340,238,13,22,,
T,2021-11-17 19:04:57,40.73054384,-73.99770387,3,-20.000,,1.160,224,13,22,,
T,2021-11-17 19:04:59,40.73053675,-73.99771752,3,-20.000,,0.990,227,12,22,,
T,2021-11-17 19:05:00,40.73052686,-73.99773123,3,-19.000,,1.520,227,11,22,,
T,2021-11-17 19:05:01,40.73052041,-73.99774036,3,-19.000,,1.320,227,11,22,,
T,2021-11-17 19:05:02,40.73051475,-73.99775213,3,-19.000,,1.260,227,11,22,,
T,2021-11-17 19:05:03,40.73050621,-73.99776090,3,-20.000,,1.240,227,10,22,,
T,2021-11-17 19:05:05,40.73049540,-73.99777978,3,-20.000,,1.190,227,10,22,,
T,2021-11-17 19:05:06,40.73048953,-73.99779065,3,-20.000,,1.170,227,11,22,,
T,2021-11-17 19:05:07,40.73048368,-73.99780448,4,-20.000,,1.190,227,9,22,,
T,2021-11-17 19:05:09,40.73047789,-73.99782811,4,-20.000,,1.210,227,10,22,,
T,2021-11-17 19:05:10,40.73047278,-73.99784253,4,-20.000,,1.110,227,10,22,,
T,2021-11-17 19:05:11,40.73047034,-73.99785676,5,-20.000,,0.970,227,11,22,,
T,2021-11-17 19:05:12,40.73046115,-73.99787298,4,-19.000,,1.350,244,10,22,,
T,2021-11-17 19:05:14,40.73045191,-73.99789832,5,-19.000,,1.310,241,12,22,,
T,2021-11-17 19:05:16,40.73045604,-73.99791327,5,-18.000,,0.710,243,12,22,,
T,2021-11-17 19:05:17,40.73044496,-73.99793159,5,-18.000,,1.280,235,12,21,,
T,2021-11-17 19:05:18,40.73043725,-73.99794282,4,-18.000,,1.270,235,12,22,,
T,2021-11-17 19:05:19,40.73043423,-73.99795476,4,-18.000,,1.230,238,12,22,,
T,2021-11-17 19:05:20,40.73042310,-73.99796117,4,-17.000,,0.950,237,12,22,,
T,2021-11-17 19:05:21,40.73041438,-73.99796590,4,-17.000,,0.700,237,11,22,,
T,2021-11-17 19:05:23,40.73040589,-73.99798925,4,-16.000,,1.000,230,11,22,,
T,2021-11-17 19:05:25,40.73039786,-73.99799785,3,-17.000,,0.700,230,11,22,,
T,2021-11-17 19:05:27,40.73038849,-73.99801800,4,-17.000,,0.810,230,11,22,,
T,2021-11-17 19:05:28,40.73038318,-73.99803017,4,-17.000,,0.780,230,11,22,,
T,2021-11-17 19:05:29,40.73039461,-73.99804057,4,-18.000,,0.920,230,12,22,,
T,2021-11-17 19:05:31,40.73039605,-73.99806307,4,-16.000,,0.820,229,12,22,,
T,2021-11-17 19:05:32,40.73040710,-73.99808269,5,-16.000,,1.290,230,13,22,,
T,2021-11-17 19:05:33,40.73041824,-73.99809853,5,-16.000,,1.250,230,12,22,,
T,2021-11-17 19:05:34,40.73042308,-73.99811095,5,-17.000,,0.620,230,12,22,,
T,2021-11-17 19:05:35,40.73042410,-73.99812634,5,-17.000,,0.620,230,12,22,,
T,2021-11-17 19:05:37,40.73043027,-73.99814837,6,-17.000,,0.700,230,13,21,,
T,2021-11-17 19:05:38,40.73043235,-73.99816382,5,-17.000,,0.600,230,11,21,,
T,2021-11-17 19:05:39,40.73043566,-73.99817987,5,-18.000,,1.060,277,14,21,,
T,2021-11-17 19:05:40,40.73043457,-73.99819350,6,-18.000,,0.820,277,13,21,,
T,2021-11-17 19:05:41,40.73043200,-73.99821828,6,-17.000,,1.290,277,12,21,,
T,2021-11-17 19:05:42,40.73044370,-73.99823424,6,-17.000,,1.310,277,11,21,,
T,2021-11-17 19:05:43,40.73045242,-73.99824082,6,-17.000,,1.130,277,11,21,,
T,2021-11-17 19:05:44,40.73045720,-73.99825132,7,-17.000,,0.720,278,11,21,,
T,2021-11-17 19:05:45,40.73047293,-73.99826316,8,-17.000,,1.290,278,11,21,,
T,2021-11-17 19:05:47,40.73047331,-73.99828068,8,-17.000,,0.810,278,12,21,,
T,2021-11-17 19:05:48,40.73048253,-73.99829377,8,-17.000,,0.470,278,10,21,,
T,2021-11-17 19:05:49,40.73049658,-73.99831215,8,-16.000,,0.930,278,10,21,,
T,2021-11-17 19:05:50,40.73050042,-73.99832919,7,-17.000,,0.570,278,10,21,,
T,2021-11-17 19:05:51,40.73049366,-73.99834609,8,-17.000,,0.650,278,10,21,,
T,2021-11-17 19:05:52,40.73050183,-73.99836417,8,-17.000,,1.100,305,11,21,,
T,2021-11-17 19:05:53,40.73051104,-73.99838321,8,-17.000,,1.150,310,11,21,,
T,2021-11-17 19:05:54,40.73052024,-73.99839623,7,-17.000,,0.770,278,11,21,,
T,2021-11-17 19:05:56,40.73052497,-73.99840837,9,-15.000,,0.530,278,11,21,,
T,2021-11-17 19:05:57,40.73054003,-73.99842642,8,-13.000,,0.750,278,10,21,,
T,2021-11-17 19:05:58,40.73054201,-73.99844728,7,-14.000,,0.680,282,11,21,,
T,2021-11-17 19:05:59,40.73055154,-73.99846808,6,-14.000,,0.750,296,11,21,,
T,2021-11-17 19:06:00,40.73056338,-73.99848905,5,-13.000,,0.850,274,11,20,,
T,2021-11-17 19:06:01,40.73055938,-73.99850768,5,-13.000,,1.140,277,11,21,,
T,2021-11-17 19:06:02,40.73056342,-73.99852208,5,-13.000,,0.760,265,11,21,,
T,2021-11-17 19:06:04,40.73057388,-73.99854401,4,-14.000,,1.190,299,12,20,,
T,2021-11-17 19:06:05,40.73057323,-73.99855930,4,-14.000,,1.060,298,12,21,,
T,2021-11-17 19:06:07,40.73058037,-73.99858493,3,-15.000,,1.230,298,11,21,,
T,2021-11-17 19:06:08,40.73059568,-73.99859137,4,-14.000,,1.220,298,12,21,,
T,2021-11-17 19:06:09,40.73060291,-73.99860783,4,-14.000,,1.160,298,12,21,,
T,2021-11-17 19:06:11,40.73060457,-73.99863247,4,-15.000,,0.980,295,11,21,,
T,2021-11-17 19:06:12,40.73061365,-73.99864422,4,-16.000,,0.830,295,12,21,,
T,2021-11-17 19:06:13,40.73061346,-73.99865687,4,-16.000,,0.990,295,12,21,,
T,2021-11-17 19:06:15,40.73062568,-73.99866974,4,-14.000,,0.550,296,12,21,,
T,2021-11-17 19:06:16,40.73063173,-73.99868081,5,-14.000,,0.600,296,12,21,,
T,2021-11-17 19:06:17,40.73065312,-73.99868360,6,-13.000,,0.850,296,13,21,,
T,2021-11-17 19:06:19,40.73065874,-73.99870641,7,-12.000,,0.640,296,11,21,,
T,2021-11-17 19:06:20,40.73067750,-73.99871003,7,-12.000,,0.750,296,11,21,,
T,2021-11-17 19:06:21,40.73069198,-73.99871258,7,-12.000,,0.580,296,11,21,,
T,2021-11-17 19:06:22,40.73070309,-73.99871300,7,-12.000,,0.000,,11,21,,
T,2021-11-17 19:06:23,40.73070183,-73.99872358,7,-12.000,,0.490,297,11,21,,
T,2021-11-17 19:06:24,40.73071024,-73.99872950,6,-11.000,,0.460,297,10,21,,
T,2021-11-17 19:06:25,40.73070827,-73.99874230,6,-11.000,,0.520,297,11,21,,
T,2021-11-17 19:06:26,40.73072024,-73.99876294,6,-11.000,,1.110,315,13,21,,
T,2021-11-17 19:06:27,40.73071147,-73.99877181,5,-11.000,,0.440,297,13,21,,
T,2021-11-17 19:06:29,40.73070234,-73.99877288,5,-12.000,,0.710,297,12,21,,
T,2021-11-17 19:06:31,40.73068930,-73.99877138,5,-12.000,,0.570,297,10,20,,
T,2021-11-17 19:06:32,40.73068461,-73.99877841,4,-13.000,,0.890,216,11,20,,
T,2021-11-17 19:06:33,40.73068125,-73.99877371,4,-13.000,,0.000,,13,20,,
T,2021-11-17 19:06:34,40.73067905,-73.99877037,4,-13.000,,0.320,297,13,19,,
T,2021-11-17 19:06:36,40.73066516,-73.99875830,3,-14.000,,0.570,135,9,21,,
T,2021-11-17 19:06:37,40.73065538,-73.99875351,3,-14.000,,0.810,159,9,21,,
T,2021-11-17 19:06:38,40.73065384,-73.99878117,4,-14.000,,0.360,297,9,21,,
T,2021-11-17 19:06:39,40.73065417,-73.99878594,4,-14.000,,0.000,,9,21,,
T,2021-11-17 19:06:46,40.73064154,-73.99878513,10,-14.000,,0.000,,8,20,,
T,2021-11-17 19:06:47,40.73063614,-73.99878403,10,-14.000,,0.000,,8,20,,
T,2021-11-17 19:06:48,40.73063786,-73.99879646,10,-15.000,,0.320,297,9,20,,
T,2021-11-17 19:06:49,40.73064639,-73.99880468,10,-15.000,,0.380,297,9,20,,
T,2021-11-17 19:06:50,40.73063233,-73.99880756,10,-17.000,,0.750,284,11,20,,
T,2021-11-17 19:06:51,40.73064211,-73.99882250,10,-17.000,,0.950,297,12,20,,
T,2021-11-17 19:06:52,40.73065473,-73.99883122,10,-16.000,,0.840,326,10,20,,
T,2021-11-17 19:06:53,40.73066627,-73.99883763,10,-16.000,,0.850,339,10,20,,
T,2021-11-17 19:06:54,40.73068008,-73.99884775,10,-15.000,,0.810,330,8,20,,
T,2021-11-17 19:06:56,40.73068438,-73.99888840,11,-16.000,,0.910,318,10,20,,
T,2021-11-17 19:06:58,40.73070323,-73.99890613,11,-14.000,,0.990,310,13,20,,
T,2021-11-17 19:06:59,40.73071522,-73.99891815,11,-14.000,,0.920,316,12,20,,
T,2021-11-17 19:07:00,40.73072586,-73.99892598,12,-13.000,,0.890,319,13,20,,
T,2021-11-17 19:07:01,40.73073800,-73.99894513,12,-13.000,,0.970,320,9,20,,
T,2021-11-17 19:07:02,40.73074688,-73.99894936,13,-15.000,,1.170,320,10,20,,
T,2021-11-17 19:07:03,40.73073152,-73.99897494,13,-14.000,,1.180,294,13,20,,
T,2021-11-17 19:07:04,40.73073638,-73.99899570,13,-14.000,,1.260,290,13,20,,
T,2021-11-17 19:07:05,40.73072744,-73.99902271,14,-14.000,,1.370,278,12,20,,
T,2021-11-17 19:07:06,40.73073540,-73.99903971,15,-12.000,,1.390,282,12,20,,
T,2021-11-17 19:07:07,40.73074940,-73.99907364,17,-12.000,,1.780,287,12,20,,
T,2021-11-17 19:07:08,40.73080240,-73.99906520,19,-11.000,,1.920,322,10,20,,
T,2021-11-17 19:07:09,40.73078439,-73.99908899,17,-14.000,,1.530,304,11,20,,
T,2021-11-17 19:07:10,40.73079049,-73.99911688,19,-14.000,,1.310,298,12,20,,
T,2021-11-17 19:07:11,40.73079327,-73.99914056,18,-15.000,,1.730,297,9,20,,
T,2021-11-17 19:07:12,40.73081903,-73.99915053,15,-13.000,,1.300,313,9,20,,
T,2021-11-17 19:07:13,40.73080955,-73.99916108,14,-14.000,,1.110,316,12,20,,
T,2021-11-17 19:07:15,40.73081495,-73.99917300,13,-14.000,,1.140,304,12,20,,
T,2021-11-17 19:07:17,40.73082926,-73.99918501,12,-14.000,,1.270,309,12,20,,
T,2021-11-17 19:07:18,40.73083770,-73.99919553,13,-13.000,,1.400,320,11,20,,
T,2021-11-17 19:07:19,40.73083819,-73.99921786,12,-11.000,,1.240,312,11,20,,
T,2021-11-17 19:07:20,40.73084699,-73.99923100,12,-12.000,,1.240,315,10,20,,
T,2021-11-17 19:07:21,40.73085861,-73.99924705,12,-11.000,,1.160,313,12,20,,
T,2021-11-17 19:07:22,40.73086206,-73.99926634,12,-9.000,,1.120,316,12,20,,
T,2021-11-17 19:07:23,40.73087697,-73.99927994,12,-9.000,,1.350,339,11,20,,
T,2021-11-17 19:07:24,40.73088576,-73.99929463,12,-8.000,,1.070,334,11,20,,
T,2021-11-17 19:07:25,40.73089301,-73.99930827,12,-8.000,,0.980,301,12,20,,
T,2021-11-17 19:07:26,40.73090862,-73.99932502,12,-6.000,,0.990,314,11,20,,
T,2021-11-17 19:07:27,40.73091689,-73.99934150,12,-6.000,,1.020,314,11,20,,
T,2021-11-17 19:07:28,40.73092900,-73.99935594,12,-5.000,,1.050,308,12,19,,
T,2021-11-17 19:07:29,40.73093118,-73.99936919,12,-7.000,,1.160,317,9,20,,
T,2021-11-17 19:07:30,40.73095250,-73.99938408,12,-6.000,,1.390,312,10,20,,
T,2021-11-17 19:07:31,40.73097134,-73.99939942,12,-6.000,,1.350,310,10,20,,
T,2021-11-17 19:07:32,40.73097802,-73.99941848,12,-7.000,,0.850,299,12,20,,
T,2021-11-17 19:07:33,40.73098708,-73.99942645,12,-7.000,,1.060,296,12,20,,
T,2021-11-17 19:07:34,40.73099132,-73.99944419,12,-7.000,,1.100,302,11,20,,
T,2021-11-17 19:07:35,40.73100157,-73.99945536,12,-7.000,,0.810,315,11,20,,
T,2021-11-17 19:07:36,40.73100965,-73.99946355,13,-7.000,,0.950,311,12,20,,
T,2021-11-17 19:07:37,40.73102405,-73.99947552,13,-6.000,,1.200,314,9,20,,
T,2021-11-17 19:07:38,40.73103309,-73.99948839,12,-6.000,,1.110,307,9,20,,
T,2021-11-17 19:07:39,40.73101827,-73.99950225,13,-7.000,,1.060,276,11,20,,
T,2021-11-17 19:07:40,40.73102810,-73.99950932,12,-8.000,,1.090,292,11,20,,
T,2021-11-17 19:07:41,40.73104424,-73.99950508,12,-9.000,,0.930,314,10,20,,
T,2021-11-17 19:07:42,40.73106107,-73.99950928,12,-8.000,,0.700,335,10,20,,
T,2021-11-17 19:07:44,40.73105324,-73.99952643,11,-8.000,,0.900,226,13,20,,
T,2021-11-17 19:07:45,40.73105433,-73.99955487,11,-7.000,,1.160,241,12,20,,
T,2021-11-17 19:07:46,40.73104606,-73.99957492,10,-9.000,,0.760,275,14,20,,
T,2021-11-17 19:07:47,40.73105914,-73.99957897,10,-9.000,,0.620,230,13,20,,
T,2021-11-17 19:07:48,40.73105611,-73.99958700,10,-9.000,,0.360,287,14,20,,
T,2021-11-17 19:07:49,40.73105628,-73.99959239,6,-9.000,,0.000,,13,20,,
T,2021-11-17 19:07:50,40.73106094,-73.99958269,6,-9.000,,0.940,86,13,20,,
T,2021-11-17 19:07:51,40.73107670,-73.99957498,5,-10.000,,0.890,49,12,20,,
T,2021-11-17 19:07:52,40.73108709,-73.99956667,5,-11.000,,0.970,40,12,20,,
T,2021-11-17 19:07:53,40.73109781,-73.99956953,5,-12.000,,1.080,19,12,20,,
T,2021-11-17 19:07:54,40.73111244,-73.99955597,5,-13.000,,1.050,32,12,20,,
T,2021-11-17 19:07:55,40.73112471,-73.99955159,5,-13.000,,0.930,42,11,20,,
T,2021-11-17 19:07:56,40.73113697,-73.99954744,5,-12.000,,0.900,39,10,20,,
T,2021-11-17 19:07:57,40.73114759,-73.99954492,5,-13.000,,1.460,24,12,20,,
T,2021-11-17 19:07:58,40.73116851,-73.99953604,5,-12.000,,1.480,29,12,20,,
T,2021-11-17 19:07:59,40.73117997,-73.99952743,5,-12.000,,0.980,23,12,19,,
T,2021-11-17 19:08:01,40.73119508,-73.99952764,5,-11.000,,0.210,18,12,19,,
T,2021-11-17 19:08:02,40.73120456,-73.99952488,6,-11.000,,0.280,28,10,19,,
T,2021-11-17 19:08:03,40.73121229,-73.99953235,5,-10.000,,0.260,352,11,19,,
T,2021-11-17 19:08:04,40.73121652,-73.99953171,5,-9.000,,0.000,,10,19,,
T,2021-11-17 19:08:07,40.73122685,-73.99953263,5,-9.000,,0.000,,12,19,,
T,2021-11-17 19:08:09,40.73123963,-73.99953390,5,-8.000,,0.000,,8,19,,
T,2021-11-17 19:08:12,40.73122730,-73.99952990,4,-9.000,,0.000,,11,20,,
T,2021-11-17 19:08:18,40.73122573,-73.99952866,5,-9.000,,0.000,,13,20,,
T,2021-11-17 19:08:19,40.73123057,-73.99952671,4,-8.000,,0.250,127,11,20,,
T,2021-11-17 19:08:20,40.73123349,-73.99952900,4,-8.000,,0.000,,11,20,,
T,2021-11-17 19:08:24,40.73122127,-73.99952888,4,-9.000,,0.000,,9,20,,
T,2021-11-17 19:08:28,40.73122460,-73.99953803,4,-9.000,,0.000,,12,20,,
T,2021-11-17 19:08:29,40.73121576,-73.99954991,4,-10.000,,0.810,217,12,20,,
T,2021-11-17 19:08:31,40.73121186,-73.99956709,4,-10.000,,0.360,217,12,20,,
T,2021-11-17 19:08:34,40.73121728,-73.99955729,5,-10.000,,0.510,39,12,20,,
T,2021-11-17 19:08:36,40.73121091,-73.99956931,6,-10.000,,0.720,226,11,20,,
T,2021-11-17 19:08:37,40.73119596,-73.99958387,6,-12.000,,0.860,266,11,20,,
T,2021-11-17 19:08:38,40.73120197,-73.99960027,8,-12.000,,0.960,274,11,20,,
T,2021-11-17 19:08:39,40.73121497,-73.99962082,9,-11.000,,0.960,267,10,20,,
T,2021-11-17 19:08:40,40.73121810,-73.99964294,10,-9.000,,1.220,249,10,20,,
T,2021-11-17 19:08:42,40.73120813,-73.99967850,13,-7.000,,1.420,241,8,20,,
T,2021-11-17 19:08:43,40.73121287,-73.99966816,10,-7.000,,0.460,243,10,20,,
T,2021-11-17 19:08:44,40.73120780,-73.99971311,10,-9.000,,0.870,278,5,20,,
T,2021-11-17 19:08:45,40.73119599,-73.99972916,11,-9.000,,1.040,299,10,20,,
T,2021-11-17 19:08:46,40.73120009,-73.99975700,13,-10.000,,1.100,295,10,20,,
T,2021-11-17 19:08:47,40.73120340,-73.99979380,14,-11.000,,1.420,288,10,20,,
T,2021-11-17 19:08:48,40.73123496,-73.99977411,14,-12.000,,1.300,330,6,20,,
T,2021-11-17 19:08:49,40.73125618,-73.99979555,17,-13.000,,1.540,328,7,20,,
T,2021-11-17 19:08:50,40.73125952,-73.99983092,20,-13.000,,1.730,313,6,20,,
T,2021-11-17 19:08:51,40.73125565,-73.99988772,24,-13.000,,2.120,297,5,20,,
T,2021-11-17 19:08:52,40.73130993,-73.99994627,23,-14.000,,3.430,310,7,20,,
T,2021-11-17 19:08:53,40.73125768,-74.00005331,22,-13.000,,3.290,280,9,20,,
T,2021-11-17 19:08:54,40.73125894,-74.00001298,18,-12.000,,1.240,260,9,20,,
T,2021-11-17 19:08:55,40.73126220,-74.00004288,18,-12.000,,1.190,264,8,20,,
T,2021-11-17 19:08:56,40.73125490,-74.00006589,19,-11.000,,1.360,259,8,20,,
T,2021-11-17 19:08:57,40.73124811,-74.00009123,16,-11.000,,0.690,291,7,20,,
T,2021-11-17 19:08:58,40.73123789,-74.00010246,15,-11.000,,0.700,279,7,20,,
T,2021-11-17 19:08:59,40.73124397,-74.00007597,16,-12.000,,0.210,296,7,20,,
T,2021-11-17 19:09:00,40.73123409,-74.00005405,14,-12.000,,0.430,72,6,20,,
T,2021-11-17 19:09:01,40.73128767,-74.00001448,14,-12.000,,0.950,26,5,20,,
T,2021-11-17 19:09:03,40.73131656,-74.00004534,15,-12.000,,1.980,347,6,20,,
T,2021-11-17 19:09:04,40.73133498,-74.00005166,16,-12.000,,2.000,350,6,20,,
T,2021-11-17 19:09:05,40.73134914,-74.00005701,16,-12.000,,1.330,323,6,20,,
T,2021-11-17 19:09:06,40.73133645,-74.00005223,14,-11.000,,0.640,273,4,20,,
T,2021-11-17 19:09:07,40.73132942,-74.00005644,14,-11.000,,0.580,256,8,20,,
T,2021-11-17 19:09:08,40.73135280,-74.00004703,14,-11.000,,0.000,,8,20,,
T,2021-11-17 19:09:09,40.73136317,-74.00004720,14,-12.000,,0.250,325,8,20,,
T,2021-11-17 19:09:10,40.73136836,-74.00005916,14,-13.000,,0.340,307,9,20,,
T,2021-11-17 19:09:11,40.73137673,-74.00008289,13,-14.000,,0.650,328,6,20,,
T,2021-11-17 19:09:12,40.73138347,-74.00011593,13,-14.000,,0.490,318,6,20,,
T,2021-11-17 19:09:13,40.73138427,-74.00014808,14,-15.000,,0.640,311,10,20,,
T,2021-11-17 19:09:14,40.73139814,-74.00017767,14,-15.000,,0.720,316,9,20,,
T,2021-11-17 19:09:15,40.73139968,-74.00023392,14,-17.000,,1.290,294,9,20,,
T,2021-11-17 19:09:16,40.73136664,-74.00026751,14,-15.000,,1.120,246,9,20,,
T,2021-11-17 19:09:17,40.73136094,-74.00025457,13,-16.000,,0.510,53,11,20,,
T,2021-11-17 19:09:18,40.73138200,-74.00028220,12,-16.000,,1.010,0,11,20,,
T,2021-11-17 19:09:20,40.73138939,-74.00031208,12,-15.000,,0.810,319,11,20,,
T,2021-11-17 19:09:21,40.73139727,-74.00035088,11,-14.000,,1.090,315,11,19,,
T,2021-11-17 19:09:22,40.73138718,-74.00039966,10,-14.000,,1.510,293,10,20,,
T,2021-11-17 19:09:23,40.73139420,-74.00042547,10,-13.000,,1.140,299,10,20,,
T,2021-11-17 19:09:24,40.73139097,-74.00045617,10,-14.000,,0.940,298,11,20,,
T,2021-11-17 19:09:25,40.73140536,-74.00047717,10,-14.000,,1.620,308,11,19,,
T,2021-11-17 19:09:26,40.73140812,-74.00049528,11,-14.000,,0.990,303,11,19,,
T,2021-11-17 19:09:28,40.73141023,-74.00051918,10,-16.000,,0.930,280,11,20,,
T,2021-11-17 19:09:29,40.73141580,-74.00053551,10,-17.000,,1.210,284,10,19,,
T,2021-11-17 19:09:30,40.73142012,-74.00052498,10,-19.000,,0.550,304,10,19,,
T,2021-11-17 19:09:32,40.73143302,-74.00054097,10,-21.000,,0.930,288,11,19,,
T,2021-11-17 19:09:33,40.73143312,-74.00056234,10,-22.000,,1.150,267,12,19,,
T,2021-11-17 19:09:34,40.73144440,-74.00057480,10,-21.000,,0.940,283,11,19,,
T,2021-11-17 19:09:35,40.73146895,-74.00057740,10,-20.000,,1.260,346,11,20,,
T,2021-11-17 19:09:36,40.73147962,-74.00059848,10,-20.000,,1.330,307,12,20,,
T,2021-11-17 19:09:37,40.73148795,-74.00060811,10,-20.000,,1.340,312,12,20,,
T,2021-11-17 19:09:38,40.73150233,-74.00061894,10,-20.000,,1.350,315,12,20,,
T,2021-11-17 19:09:39,40.73150351,-74.00063715,10,-20.000,,1.220,288,11,20,,
T,2021-11-17 19:09:40,40.73151501,-74.00064439,10,-21.000,,1.620,290,12,20,,
T,2021-11-17 19:09:41,40.73152564,-74.00066066,10,-20.000,,1.630,289,12,20,,
T,2021-11-17 19:09:42,40.73152199,-74.00067884,10,-21.000,,1.000,289,10,20,,
T,2021-11-17 19:09:44,40.73151436,-74.00070243,10,-21.000,,1.190,289,12,20,,
T,2021-11-17 19:09:46,40.73151864,-74.00071659,11,-21.000,,0.630,289,13,20,,
T,2021-11-17 19:09:47,40.73152199,-74.00072795,10,-20.000,,0.670,288,11,20,,
T,2021-11-17 19:09:48,40.73151796,-74.00074412,11,-20.000,,0.750,288,12,20,,
T,2021-11-17 19:09:49,40.73151423,-74.00075225,11,-20.000,,0.000,,12,20,,
T,2021-11-17 19:09:50,40.73152853,-74.00076499,11,-19.000,,0.580,288,11,21,,
T,2021-11-17 19:09:51,40.73154061,-74.00078467,7,-18.000,,1.330,311,13,21,,
T,2021-11-17 19:09:52,40.73154820,-74.00079925,7,-18.000,,1.230,313,13,21,,
T,2021-11-17 19:09:53,40.73156199,-74.00081662,7,-17.000,,1.210,304,11,21,,
T,2021-11-17 19:09:54,40.73156616,-74.00083654,7,-17.000,,0.910,276,11,21,,
T,2021-11-17 19:09:55,40.73157888,-74.00085242,7,-17.000,,1.200,296,12,21,,
T,2021-11-17 19:09:56,40.73158889,-74.00085456,8,-17.000,,0.680,288,13,21,,
T,2021-11-17 19:09:57,40.73159263,-74.00086976,8,-17.000,,0.990,268,12,21,,
T,2021-11-17 19:09:58,40.73159046,-74.00089758,9,-18.000,,1.100,256,12,21,,
T,2021-11-17 19:09:59,40.73159936,-74.00090541,9,-19.000,,0.880,272,13,21,,
T,2021-11-17 19:10:00,40.73161333,-74.00089422,10,-19.000,,0.530,288,12,21,,
T,2021-11-17 19:10:01,40.73163218,-74.00087556,9,-20.000,,1.350,32,12,21,,
T,2021-11-17 19:10:02,40.73165670,-74.00084909,7,-20.000,,1.010,20,12,20,,
T,2021-11-17 19:10:03,40.73166573,-74.00084913,7,-21.000,,1.150,20,12,20,,
T,2021-11-17 19:10:04,40.73167812,-74.00084635,6,-21.000,,1.310,20,12,20,,
T,2021-11-17 19:10:05,40.73169150,-74.00083659,6,-21.000,,1.340,20,12,20,,
T,2021-11-17 19:10:06,40.73170770,-74.00083068,6,-21.000,,1.320,20,12,20,,
T,2021-11-17 19:10:07,40.73172423,-74.00081471,5,-21.000,,1.660,23,11,20,,
T,2021-11-17 19:10:09,40.73174614,-74.00080022,6,-20.000,,1.300,20,11,20,,
T,2021-11-17 19:10:11,40.73176117,-74.00080308,5,-20.000,,0.960,20,11,20,,
T,2021-11-17 19:10:12,40.73177156,-74.00079347,7,-20.000,,0.820,19,11,20,,
T,2021-11-17 19:10:13,40.73178380,-74.00078135,7,-20.000,,1.200,31,11,20,,
T,2021-11-17 19:10:14,40.73179504,-74.00078627,8,-20.000,,1.140,20,11,20,,
T,2021-11-17 19:10:15,40.73181090,-74.00077172,9,-20.000,,1.370,19,10,20,,
T,2021-11-17 19:10:16,40.73182626,-74.00076188,9,-20.000,,1.260,23,11,20,,
T,2021-11-17 19:10:17,40.73183749,-74.00074964,8,-20.000,,1.170,18,11,20,,
T,2021-11-17 19:10:18,40.73184676,-74.00075617,7,-19.000,,1.140,20,10,20,,
T,2021-11-17 19:10:19,40.73186049,-74.00075291,7,-19.000,,1.150,20,11,20,,
T,2021-11-17 19:10:20,40.73186973,-74.00075011,7,-18.000,,1.120,23,11,21,,
T,2021-11-17 19:10:21,40.73189136,-74.00073534,8,-18.000,,1.380,28,12,21,,
T,2021-11-17 19:10:22,40.73191762,-74.00069565,8,-18.000,,2.610,48,12,21,,
T,2021-11-17 19:10:23,40.73193642,-74.00067624,8,-18.000,,1.810,37,10,21,,
T,2021-11-17 19:10:24,40.73194612,-74.00066670,8,-18.000,,1.600,42,12,21,,
T,2021-11-17 19:10:25,40.73196296,-74.00065846,8,-17.000,,1.430,38,12,21,,
T,2021-11-17 19:10:26,40.73197539,-74.00065255,8,-17.000,,1.260,43,12,21,,
T,2021-11-17 19:10:27,40.73198196,-74.00066374,7,-16.000,,0.980,26,11,21,,
T,2021-11-17 19:10:29,40.73199904,-74.00067975,7,-14.000,,0.920,3,12,21,,
T,2021-11-17 19:10:30,40.73200698,-74.00068693,6,-14.000,,1.000,13,12,21,,
T,2021-11-17 19:10:31,40.73202205,-74.00067322,6,-14.000,,1.940,39,13,21,,
T,2021-11-17 19:10:32,40.73203544,-74.00066019,6,-15.000,,2.230,44,11,21,,
T,2021-11-17 19:10:34,40.73206154,-74.00065085,6,-14.000,,1.350,32,11,22,,
T,2021-11-17 19:10:35,40.73207592,-74.00065067,6,-13.000,,1.290,30,10,22,,
T,2021-11-17 19:10:36,40.73209391,-74.00061462,6,-15.000,,1.380,37,12,22,,
T,2021-11-17 19:10:37,40.73210986,-74.00057949,6,-16.000,,1.450,43,13,22,,
T,2021-11-17 19:10:38,40.73212327,-74.00057588,6,-16.000,,1.020,24,12,22,,
T,2021-11-17 19:10:40,40.73214963,-74.00057017,6,-15.000,,1.260,27,13,22,,
T,2021-11-17 19:10:41,40.73216293,-74.00054806,5,-15.000,,1.840,38,12,22,,
T,2021-11-17 19:10:42,40.73217430,-74.00054514,5,-15.000,,1.270,26,12,22,,
T,2021-11-17 19:10:43,40.73218240,-74.00053178,4,-16.000,,1.090,23,11,22,,
T,2021-11-17 19:10:44,40.73219264,-74.00051777,5,-16.000,,1.150,33,12,22,,
T,2021-11-17 19:10:45,40.73220027,-74.00049722,5,-17.000,,1.000,21,13,22,,
T,2021-11-17 19:10:46,40.73222178,-74.00049556,5,-16.000,,1.030,26,13,22,,
T,2021-11-17 19:10:47,40.73223672,-74.00048768,5,-16.000,,0.780,34,13,22,,
T,2021-11-17 19:10:48,40.73224698,-74.00049011,7,-16.000,,0.540,1,13,22,,
T,2021-11-17 19:10:49,40.73225389,-74.00049591,7,-15.000,,0.000,,12,22,,
T,2021-11-17 19:10:51,40.73225392,-74.00049911,7,-15.000,,0.000,,13,22,,
T,2021-11-17 19:10:52,40.73225508,-74.00049481,7,-16.000,,0.360,28,13,22,,
T,2021-11-17 19:10:53,40.73226663,-74.00048382,7,-16.000,,0.850,22,13,22,,
T,2021-11-17 19:10:54,40.73228298,-74.00047465,7,-15.000,,0.810,48,13,22,,
T,2021-11-17 19:10:55,40.73229448,-74.00047142,7,-15.000,,0.930,40,13,22,,
T,2021-11-17 19:10:56,40.73231365,-74.00045982,6,-14.000,,1.180,39,12,22,,
T,2021-11-17 19:10:57,40.73233109,-74.00044661,6,-12.000,,1.320,34,12,22,,
T,2021-11-17 19:10:58,40.73235053,-74.00043765,6,-12.000,,1.540,34,12,22,,
T,2021-11-17 19:10:59,40.73236689,-74.00043282,5,-11.000,,1.470,35,13,22,,
T,2021-11-17 19:11:00,40.73238321,-74.00042463,5,-10.000,,1.500,34,12,22,,
T,2021-11-17 19:11:01,40.73239150,-74.00041183,5,-11.000,,1.440,31,12,22,,
T,2021-11-17 19:11:02,40.73240393,-74.00039583,5,-11.000,,1.550,44,11,22,,
T,2021-11-17 19:11:04,40.73241942,-74.00039726,5,-11.000,,1.270,17,13,22,,
T,2021-11-17 19:11:05,40.73242915,-74.00040002,5,-11.000,,1.180,10,11,22,,
T,2021-11-17 19:11:06,40.73244105,-74.00038455,7,-11.000,,1.400,27,12,22,,
T,2021-11-17 19:11:08,40.73246318,-74.00037658,8,-10.000,,1.190,33,11,22,,
T,2021-11-17 19:11:09,40.73247351,-74.00035319,9,-10.000,,1.380,43,12,22,,
T,2021-11-17 19:11:10,40.73248267,-74.00034824,8,-10.000,,1.590,38,12,22,,
T,2021-11-17 19:11:11,40.73249317,-74.00034353,7,-9.000,,0.730,18,12,22,,
T,2021-11-17 19:11:12,40.73251588,-74.00033713,7,-9.000,,1.920,2,11,22,,
T,2021-11-17 19:11:14,40.73252737,-74.00033877,6,-9.000,,0.960,6,12,22,,
T,2021-11-17 19:11:15,40.73252286,-74.00035119,5,-10.000,,0.650,356,11,22,,
T,2021-11-17 19:11:17,40.73253861,-74.00038638,5,-7.000,,0.770,313,10,22,,
T,2021-11-17 19:11:18,40.73254812,-74.00041047,5,-6.000,,0.820,326,9,22,,
T,2021-11-17 19:11:19,40.73255837,-74.00041574,5,-5.000,,1.030,27,12,22,,
T,2021-11-17 19:11:20,40.73257146,-74.00042946,5,-3.000,,1.110,8,11,22,,
T,2021-11-17 19:11:22,40.73259134,-74.00043576,6,-2.000,,0.990,22,12,21,,
T,2021-11-17 19:11:23,40.73260192,-74.00044172,7,-1.000,,0.950,28,12,22,,
T,2021-11-17 19:11:24,40.73261460,-74.00044431,6,0.000,,1.200,25,9,22,,
T,2021-11-17 19:11:26,40.73263107,-74.00042012,5,0.000,,1.370,39,12,22,,
T,2021-11-17 19:11:27,40.73263844,-74.00043286,6,0.000,,1.240,19,11,22,,
T,2021-11-17 19:11:28,40.73264317,-74.00045512,6,1.000,,0.860,9,7,22,,
T,2021-11-17 19:11:29,40.73267661,-74.00040058,7,-1.000,,1.240,37,11,22,,
T,2021-11-17 19:11:30,40.73268605,-74.00042176,7,2.000,,0.820,48,11,22,,
T,2021-11-17 19:11:31,40.73270506,-74.00040986,8,4.000,,1.160,47,9,22,,
T,2021-11-17 19:11:32,40.73272160,-74.00038602,9,4.000,,1.180,46,11,22,,
T,2021-11-17 19:11:33,40.73273083,-74.00037569,8,5.000,,1.180,75,13,22,,
T,2021-11-17 19:11:34,40.73273996,-74.00037236,9,6.000,,1.070,74,10,22,,
T,2021-11-17 19:11:35,40.73276813,-74.00035400,7,8.000,,0.830,65,9,22,,
T,2021-11-17 19:11:37,40.73279244,-74.00034233,9,9.000,,1.190,46,9,22,,
T,2021-11-17 19:11:38,40.73281500,-74.00034964,8,10.000,,1.350,23,11,22,,
T,2021-11-17 19:11:39,40.73288089,-74.00033492,8,8.000,,2.440,27,11,22,,
T,2021-11-17 19:11:40,40.73297936,-74.00029064,8,3.000,,2.760,16,10,22,,
T,2021-11-17 19:11:41,40.73301995,-74.00026160,8,-1.000,,1.560,15,11,22,,
T,2021-11-17 19:11:42,40.73306244,-74.00026370,8,-2.000,,1.650,7,12,22,,
T,2021-11-17 19:11:43,40.73309712,-74.00026917,6,-3.000,,0.930,43,12,22,,
T,2021-11-17 19:11:44,40.73311135,-74.00025246,6,-2.000,,1.160,53,12,22,,
T,2021-11-17 19:11:45,40.73311990,-74.00023593,7,0.000,,1.130,23,12,22,,
T,2021-11-17 19:11:46,40.73312763,-74.00021416,6,0.000,,1.030,24,12,22,,
T,2021-11-17 19:11:48,40.73312097,-74.00018278,5,-1.000,,0.660,24,13,22,,
T,2021-11-17 19:11:50,40.73311464,-74.00014467,5,-1.000,,1.180,35,12,22,,
T,2021-11-17 19:11:51,40.73309669,-74.00012233,5,-2.000,,0.990,36,12,22,,
T,2021-11-17 19:11:52,40.73310288,-74.00009692,4,-1.000,,1.020,36,13,22,,
T,2021-11-17 19:11:53,40.73310808,-74.00008646,4,-2.000,,1.060,26,13,22,,
T,2021-11-17 19:11:54,40.73310206,-74.00006550,4,-3.000,,1.180,26,13,22,,
T,2021-11-17 19:11:56,40.73311282,-74.00004769,3,-5.000,,0.990,26,13,22,,
T,2021-11-17 19:11:57,40.73310106,-74.00003556,3,-6.000,,0.660,26,12,22,,
T,2021-11-17 19:11:58,40.73310592,-74.00002241,3,-5.000,,0.840,26,12,22,,
T,2021-11-17 19:12:00,40.73311476,-74.00001089,4,-4.000,,0.250,26,12,22,,
T,2021-11-17 19:12:01,40.73310712,-73.99999556,4,-3.000,,0.000,,13,22,,
T,2021-11-17 19:12:04,40.73310443,-73.99997964,4,-2.000,,0.000,,12,22,,
T,2021-11-17 19:12:07,40.73309964,-73.99996918,5,-1.000,,0.000,,12,22,,
T,2021-11-17 19:12:12,40.73309598,-73.99995723,5,0.000,,0.000,,12,22,,
T,2021-11-17 19:12:15,40.73309622,-73.99995516,5,0.000,,0.000,,11,22,,
T,2021-11-17 19:12:16,40.73309755,-73.99996241,5,1.000,,0.510,26,11,22,,
T,2021-11-17 19:12:18,40.73309567,-73.99997728,5,1.000,,1.050,302,12,22,,
T,2021-11-17 19:12:19,40.73309961,-73.99999172,5,2.000,,1.280,312,12,22,,
T,2021-11-17 19:12:20,40.73310831,-74.00000657,6,2.000,,1.330,313,13,22,,
T,2021-11-17 19:12:23,40.73309910,-74.00000383,6,-1.000,,0.490,325,13,22,,
T,2021-11-17 19:12:24,40.73310118,-74.00001979,6,-2.000,,0.900,325,13,22,,
T,2021-11-17 19:12:25,40.73309565,-74.00003287,6,-3.000,,1.160,325,13,22,,
T,2021-11-17 19:12:26,40.73308710,-74.00004904,5,-4.000,,0.730,325,13,22,,
T,2021-11-17 19:12:27,40.73307533,-74.00005672,5,-5.000,,0.600,324,12,22,,
T,2021-11-17 19:12:29,40.73308431,-74.00006187,4,-6.000,,0.440,324,13,22,,
T,2021-11-17 19:12:30,40.73308473,-74.00006238,5,-6.000,,0.350,324,10,22,,
T,2021-11-17 19:12:31,40.73308382,-74.00006608,4,-6.000,,0.000,,10,22,,
T,2021-11-17 19:12:32,40.73308307,-74.00007589,4,-6.000,,0.930,324,14,22,,
T,2021-11-17 19:12:33,40.73307455,-74.00008634,4,-7.000,,0.940,324,14,22,,
T,2021-11-17 19:12:34,40.73307665,-74.00009936,4,-8.000,,1.290,324,13,22,,
T,2021-11-17 19:12:35,40.73307723,-74.00011619,4,-8.000,,1.400,297,12,22,,
T,2021-11-17 19:12:36,40.73307708,-74.00013248,4,-9.000,,1.480,297,12,22,,
T,2021-11-17 19:12:37,40.73307767,-74.00014924,3,-10.000,,1.320,297,12,22,,
T,2021-11-17 19:12:38,40.73307728,-74.00016652,4,-10.000,,1.370,297,11,22,,
T,2021-11-17 19:12:39,40.73307830,-74.00018082,4,-11.000,,1.150,297,11,22,,
T,2021-11-17 19:12:40,40.73307944,-74.00019419,4,-11.000,,1.290,296,11,22,,
T,2021-11-17 19:12:42,40.73308154,-74.00021391,5,-12.000,,0.960,296,11,22,,
T,2021-11-17 19:12:44,40.73309298,-74.00023283,6,-13.000,,1.030,296,12,22,,
T,2021-11-17 19:12:45,40.73309005,-74.00023427,7,-13.000,,0.000,,10,22,,
T,2021-11-17 19:12:46,40.73308737,-74.00022249,7,-13.000,,0.700,296,10,22,,
T,2021-11-17 19:12:47,40.73308396,-74.00022249,6,-13.000,,0.410,296,10,22,,
T,2021-11-17 19:12:48,40.73307421,-74.00021688,6,-12.000,,0.000,,9,22,,
