type,date time,latitude,longitude,accuracy(m),altitude(m),geoid_height(m),speed(m/s),bearing(deg),sat_used,sat_inview,name,desc
T,2021-09-14 18:22:26,40.69093293,-73.98677692,36,101.327,,0.670,171,18,26,20210914-142226,GPS Logger: 20210914-142226
T,2021-09-14 18:22:28,40.69088807,-73.98690991,18,107.279,,1.050,122,17,26,,
T,2021-09-14 18:22:30,40.69094050,-73.98694663,10,87.352,,0.000,,17,26,,
T,2021-09-14 18:22:33,40.69089989,-73.98691059,9,90.849,,0.690,130,17,26,,
T,2021-09-14 18:22:36,40.69091844,-73.98683119,9,78.220,,0.630,125,18,26,,
T,2021-09-14 18:22:38,40.69090880,-73.98682618,7,76.738,,0.000,,18,26,,
T,2021-09-14 18:22:40,40.69092956,-73.98681719,7,66.224,,0.000,,18,26,,
T,2021-09-14 18:22:41,40.69093836,-73.98682096,8,65.702,,0.000,,18,26,,
T,2021-09-14 18:22:42,40.69093885,-73.98682093,8,65.716,,0.000,,18,26,,
T,2021-09-14 18:22:44,40.69092571,-73.98680697,9,64.606,,0.930,135,18,26,,
T,2021-09-14 18:22:45,40.69091780,-73.98679796,9,63.187,,1.020,141,18,26,,
T,2021-09-14 18:22:46,40.69091205,-73.98678721,8,61.481,,1.070,118,18,26,,
T,2021-09-14 18:22:47,40.69091045,-73.98675563,7,57.242,,1.170,121,18,26,,
T,2021-09-14 18:22:48,40.69090896,-73.98672373,7,55.072,,1.240,109,18,26,,
T,2021-09-14 18:22:49,40.69090903,-73.98668784,7,51.604,,1.120,117,18,26,,
T,2021-09-14 18:22:50,40.69090918,-73.98665240,6,49.960,,1.150,122,19,26,,
T,2021-09-14 18:22:51,40.69090899,-73.98661688,6,48.024,,1.180,123,19,26,,
T,2021-09-14 18:22:52,40.69090804,-73.98658905,6,48.363,,1.200,116,19,26,,
T,2021-09-14 18:22:53,40.69090923,-73.98656439,5,47.336,,1.070,114,19,26,,
T,2021-09-14 18:22:54,40.69090981,-73.98654578,5,47.502,,0.920,116,19,26,,
T,2021-09-14 18:22:55,40.69090964,-73.98652993,5,46.980,,0.960,117,19,26,,
T,2021-09-14 18:22:56,40.69090860,-73.98651211,4,45.905,,0.910,121,19,26,,
T,2021-09-14 18:22:57,40.69090600,-73.98649390,4,45.258,,0.950,128,19,26,,
T,2021-09-14 18:22:58,40.69090616,-73.98646885,4,44.073,,1.040,107,19,26,,
T,2021-09-14 18:22:59,40.69090455,-73.98644841,4,42.346,,0.990,107,19,26,,
T,2021-09-14 18:23:00,40.69090359,-73.98643204,5,41.352,,1.020,95,19,26,,
T,2021-09-14 18:23:01,40.69089780,-73.98641319,5,39.393,,1.170,114,19,26,,
T,2021-09-14 18:23:03,40.69088767,-73.98638235,5,39.880,,1.110,107,17,26,,
T,2021-09-14 18:23:04,40.69088210,-73.98636358,5,39.813,,1.100,120,12,26,,
T,2021-09-14 18:23:05,40.69087628,-73.98634411,5,39.051,,1.130,127,11,26,,
T,2021-09-14 18:23:06,40.69087739,-73.98632235,4,39.277,,1.110,116,12,26,,
T,2021-09-14 18:23:07,40.69087386,-73.98630080,4,36.442,,1.160,140,13,25,,
T,2021-09-14 18:23:08,40.69087374,-73.98628335,4,36.721,,1.080,124,13,25,,
T,2021-09-14 18:23:09,40.69087615,-73.98626832,4,37.033,,1.090,109,14,25,,
T,2021-09-14 18:23:10,40.69087116,-73.98626255,5,33.540,,1.400,165,15,25,,
T,2021-09-14 18:23:11,40.69086623,-73.98625495,4,33.095,,0.820,138,15,25,,
T,2021-09-14 18:23:12,40.69086397,-73.98624872,4,33.133,,0.600,127,15,25,,
T,2021-09-14 18:23:13,40.69086432,-73.98623165,4,32.153,,0.730,107,19,25,,
T,2021-09-14 18:23:14,40.69086355,-73.98621578,4,31.318,,0.940,103,19,25,,
T,2021-09-14 18:23:15,40.69086047,-73.98619942,4,30.024,,0.950,107,19,25,,
T,2021-09-14 18:23:16,40.69085743,-73.98618779,4,29.426,,0.900,112,18,25,,
T,2021-09-14 18:23:17,40.69085455,-73.98617715,4,28.701,,0.900,116,18,25,,
T,2021-09-14 18:23:18,40.69085134,-73.98616977,4,27.637,,0.840,133,18,25,,
T,2021-09-14 18:23:19,40.69084598,-73.98616169,4,27.716,,0.920,152,13,25,,
T,2021-09-14 18:23:20,40.69084043,-73.98615696,4,27.589,,0.670,161,13,25,,
T,2021-09-14 18:23:21,40.69083346,-73.98615132,4,28.116,,0.930,155,13,25,,
T,2021-09-14 18:23:22,40.69083555,-73.98614928,4,28.256,,0.000,,13,25,,
T,2021-09-14 18:23:24,40.69083670,-73.98614883,4,28.246,,0.000,,13,25,,
T,2021-09-14 18:23:25,40.69083676,-73.98614878,4,28.233,,0.000,,13,25,,
T,2021-09-14 18:23:26,40.69083676,-73.98614875,4,28.231,,0.000,,12,25,,
T,2021-09-14 18:23:27,40.69083675,-73.98614870,4,28.229,,0.000,,12,25,,
T,2021-09-14 18:23:28,40.69083660,-73.98614545,4,28.869,,0.000,,11,25,,
T,2021-09-14 18:23:29,40.69083284,-73.98613461,5,29.146,,0.480,123,11,25,,
T,2021-09-14 18:23:30,40.69083255,-73.98612397,5,30.159,,0.570,91,11,25,,
T,2021-09-14 18:23:31,40.69082545,-73.98610619,5,30.914,,1.120,128,11,25,,
T,2021-09-14 18:23:32,40.69081995,-73.98608940,5,30.934,,0.860,123,12,25,,
T,2021-09-14 18:23:33,40.69081764,-73.98607493,5,31.488,,0.870,113,12,25,,
T,2021-09-14 18:23:34,40.69081428,-73.98605951,5,31.578,,0.840,110,13,25,,
T,2021-09-14 18:23:35,40.69081079,-73.98604540,5,31.668,,0.890,112,13,25,,
T,2021-09-14 18:23:36,40.69080793,-73.98603162,5,32.285,,0.850,110,13,25,,
T,2021-09-14 18:23:37,40.69080287,-73.98601774,5,32.091,,0.960,106,13,25,,
T,2021-09-14 18:23:38,40.69079694,-73.98600722,5,32.215,,0.830,115,13,25,,
T,2021-09-14 18:23:39,40.69079160,-73.98599385,4,32.534,,0.750,107,13,25,,
T,2021-09-14 18:23:40,40.69078611,-73.98598000,4,31.557,,0.950,115,13,25,,
T,2021-09-14 18:23:41,40.69078690,-73.98596463,4,31.143,,1.080,81,13,25,,
T,2021-09-14 18:23:42,40.69077814,-73.98594773,4,31.928,,1.490,134,13,25,,
T,2021-09-14 18:23:43,40.69077108,-73.98593606,4,31.587,,0.930,139,13,25,,
T,2021-09-14 18:23:44,40.69076449,-73.98592137,4,32.313,,0.950,132,13,25,,
T,2021-09-14 18:23:46,40.69075288,-73.98589072,4,35.812,,1.290,132,13,25,,
T,2021-09-14 18:23:48,40.69073919,-73.98587154,4,34.868,,0.980,141,12,25,,
T,2021-09-14 18:23:50,40.69072701,-73.98585132,4,34.412,,1.030,129,13,25,,
T,2021-09-14 18:23:52,40.69071758,-73.98582772,5,35.221,,1.010,126,14,25,,
T,2021-09-14 18:23:53,40.69071315,-73.98581472,5,35.832,,1.020,122,14,25,,
T,2021-09-14 18:23:54,40.69070730,-73.98580284,5,36.484,,1.040,127,14,25,,
T,2021-09-14 18:23:55,40.69070221,-73.98578958,5,36.417,,1.060,125,13,25,,
T,2021-09-14 18:23:56,40.69069703,-73.98577305,5,37.819,,1.050,127,13,25,,
T,2021-09-14 18:23:57,40.69069352,-73.98575819,5,37.958,,1.090,114,14,25,,
T,2021-09-14 18:23:58,40.69068876,-73.98574592,5,38.010,,1.070,121,14,25,,
T,2021-09-14 18:23:59,40.69068427,-73.98573416,5,38.033,,1.070,118,14,25,,
T,2021-09-14 18:24:00,40.69067945,-73.98572289,6,38.042,,1.070,120,14,25,,
T,2021-09-14 18:24:01,40.69067456,-73.98571164,6,38.492,,1.060,124,13,25,,
T,2021-09-14 18:24:02,40.69067024,-73.98570011,6,38.562,,1.070,119,13,25,,
T,2021-09-14 18:24:03,40.69066425,-73.98568781,6,37.858,,1.080,137,7,25,,
T,2021-09-14 18:24:05,40.69065279,-73.98565622,6,38.382,,1.090,130,12,25,,
T,2021-09-14 18:24:07,40.69064452,-73.98562497,6,35.758,,1.100,109,14,25,,
T,2021-09-14 18:24:09,40.69063927,-73.98559391,6,37.047,,1.150,110,15,25,,
T,2021-09-14 18:24:11,40.69063774,-73.98556607,6,38.742,,1.070,87,16,25,,
T,2021-09-14 18:24:12,40.69064003,-73.98555025,6,40.068,,1.240,65,16,25,,
T,2021-09-14 18:24:13,40.69063871,-73.98553411,6,41.837,,1.120,72,15,25,,
T,2021-09-14 18:24:14,40.69062972,-73.98551602,6,41.222,,1.280,99,15,25,,
T,2021-09-14 18:24:15,40.69062069,-73.98550069,6,41.781,,1.230,121,16,25,,
T,2021-09-14 18:24:16,40.69061269,-73.98548632,5,39.350,,1.120,115,17,25,,
T,2021-09-14 18:24:17,40.69060466,-73.98547210,5,39.910,,1.170,127,17,25,,
T,2021-09-14 18:24:18,40.69059531,-73.98545722,5,39.331,,1.160,128,17,25,,
T,2021-09-14 18:24:19,40.69058651,-73.98544092,5,38.620,,1.160,120,16,25,,
T,2021-09-14 18:24:20,40.69057662,-73.98542601,5,37.795,,1.190,128,16,25,,
T,2021-09-14 18:24:21,40.69056675,-73.98541489,5,36.466,,1.190,145,16,25,,
T,2021-09-14 18:24:22,40.69056028,-73.98539805,5,36.096,,1.320,118,15,25,,
T,2021-09-14 18:24:23,40.69055310,-73.98538522,4,36.311,,1.210,137,15,25,,
T,2021-09-14 18:24:25,40.69054304,-73.98535854,4,36.030,,1.180,123,15,25,,
T,2021-09-14 18:24:27,40.69053273,-73.98533266,4,36.783,,1.140,124,15,25,,
T,2021-09-14 18:24:29,40.69051953,-73.98530649,4,36.146,,1.160,132,12,25,,
T,2021-09-14 18:24:31,40.69050661,-73.98527506,4,33.388,,1.160,106,13,25,,
T,2021-09-14 18:24:33,40.69049819,-73.98525000,4,30.233,,1.300,91,15,25,,
T,2021-09-14 18:24:34,40.69049723,-73.98523909,4,30.104,,1.140,79,15,25,,
T,2021-09-14 18:24:35,40.69049536,-73.98522559,4,29.948,,1.140,87,15,25,,
T,2021-09-14 18:24:36,40.69049373,-73.98521245,4,30.290,,1.050,91,15,25,,
T,2021-09-14 18:24:37,40.69048952,-73.98519977,4,31.186,,1.170,111,15,25,,
T,2021-09-14 18:24:38,40.69048363,-73.98518828,4,31.455,,1.150,121,15,25,,
T,2021-09-14 18:24:39,40.69047860,-73.98517597,4,28.513,,1.160,117,14,25,,
T,2021-09-14 18:24:40,40.69047613,-73.98516397,4,28.263,,1.090,106,13,25,,
T,2021-09-14 18:24:41,40.69047169,-73.98515080,4,27.978,,1.090,110,13,25,,
T,2021-09-14 18:24:42,40.69046535,-73.98513766,4,29.299,,1.110,122,13,25,,
T,2021-09-14 18:24:43,40.69045974,-73.98512652,4,29.014,,1.010,123,13,25,,
T,2021-09-14 18:24:44,40.69045428,-73.98511102,4,30.046,,1.030,112,14,25,,
T,2021-09-14 18:24:45,40.69044778,-73.98509584,4,29.726,,1.070,117,14,25,,
T,2021-09-14 18:24:46,40.69044021,-73.98508213,4,29.452,,1.040,121,14,25,,
T,2021-09-14 18:24:48,40.69042809,-73.98505960,4,29.858,,1.070,125,15,25,,
T,2021-09-14 18:24:50,40.69041346,-73.98503300,4,29.020,,1.180,115,14,25,,
T,2021-09-14 18:24:52,40.69039932,-73.98500348,4,30.512,,1.130,116,14,25,,
T,2021-09-14 18:24:54,40.69038721,-73.98498123,4,31.672,,1.140,139,15,25,,
T,2021-09-14 18:24:56,40.69038073,-73.98494912,4,29.767,,1.320,100,15,25,,
T,2021-09-14 18:24:57,40.69037293,-73.98493611,4,29.296,,1.220,123,15,25,,
T,2021-09-14 18:24:58,40.69036477,-73.98492457,4,30.753,,1.200,136,14,25,,
T,2021-09-14 18:24:59,40.69035836,-73.98490563,4,30.161,,1.260,128,14,25,,
T,2021-09-14 18:25:00,40.69035201,-73.98488918,4,30.670,,1.200,124,14,25,,
T,2021-09-14 18:25:01,40.69034403,-73.98487664,4,31.720,,1.230,136,14,25,,
T,2021-09-14 18:25:02,40.69033865,-73.98486149,4,31.952,,1.260,120,14,25,,
T,2021-09-14 18:25:03,40.69033333,-73.98484483,4,32.377,,1.240,118,14,25,,
T,2021-09-14 18:25:04,40.69032703,-73.98482843,4,33.037,,1.270,126,14,25,,
T,2021-09-14 18:25:06,40.69031966,-73.98479709,4,33.378,,1.320,119,13,25,,
T,2021-09-14 18:25:08,40.69030804,-73.98476442,4,31.641,,1.390,134,13,25,,
T,2021-09-14 18:25:10,40.69029986,-73.98472789,4,31.508,,1.220,118,13,25,,
T,2021-09-14 18:25:11,40.69029283,-73.98471019,4,31.395,,1.320,123,13,25,,
T,2021-09-14 18:25:12,40.69028787,-73.98469209,4,32.933,,1.320,111,13,25,,
T,2021-09-14 18:25:13,40.69028945,-73.98467329,4,32.059,,1.320,92,13,25,,
T,2021-09-14 18:25:15,40.69029595,-73.98462919,4,33.574,,1.590,106,,25,,
T,2021-09-14 18:25:16,40.69029395,-73.98461190,4,34.902,,1.270,104,12,25,,
T,2021-09-14 18:25:17,40.69029427,-73.98459538,4,35.641,,1.260,97,13,25,,
T,2021-09-14 18:25:18,40.69029818,-73.98457857,4,36.029,,1.290,77,12,25,,
T,2021-09-14 18:25:19,40.69030132,-73.98456296,4,35.480,,1.270,72,12,25,,
T,2021-09-14 18:25:20,40.69029795,-73.98454341,4,34.212,,1.420,96,13,25,,
T,2021-09-14 18:25:21,40.69029352,-73.98452910,4,34.872,,1.230,104,15,25,,
T,2021-09-14 18:25:22,40.69028682,-73.98451628,4,32.815,,1.320,121,15,25,,
T,2021-09-14 18:25:23,40.69028246,-73.98450084,4,32.333,,1.250,112,15,25,,
T,2021-09-14 18:25:24,40.69028214,-73.98448241,4,32.648,,1.470,82,15,25,,
T,2021-09-14 18:25:25,40.69027881,-73.98446549,4,31.318,,1.350,101,15,25,,
T,2021-09-14 18:25:26,40.69027786,-73.98444921,4,30.667,,1.280,90,15,25,,
T,2021-09-14 18:25:27,40.69027600,-73.98443416,4,30.468,,1.180,96,13,25,,
T,2021-09-14 18:25:28,40.69027392,-73.98441845,4,31.118,,1.270,96,13,25,,
T,2021-09-14 18:25:29,40.69027126,-73.98440239,4,30.714,,1.300,102,13,25,,
T,2021-09-14 18:25:30,40.69026615,-73.98438755,4,30.857,,1.320,121,14,25,,
T,2021-09-14 18:25:31,40.69026528,-73.98437028,4,30.174,,1.390,97,12,25,,
T,2021-09-14 18:25:32,40.69026519,-73.98435510,4,29.447,,1.240,93,13,25,,
T,2021-09-14 18:25:34,40.69024886,-73.98432516,4,25.819,,1.210,117,14,25,,
T,2021-09-14 18:25:36,40.69026222,-73.98429604,4,29.489,,1.250,83,13,25,,
T,2021-09-14 18:25:38,40.69026131,-73.98426494,4,24.541,,1.250,104,14,25,,
T,2021-09-14 18:25:40,40.69024337,-73.98423742,5,17.667,,1.290,132,15,25,,
T,2021-09-14 18:25:41,40.69023531,-73.98422538,5,14.785,,1.140,120,16,25,,
T,2021-09-14 18:25:42,40.69022640,-73.98421154,6,13.399,,1.270,120,18,25,,
T,2021-09-14 18:25:43,40.69021752,-73.98420252,5,10.067,,1.020,131,18,25,,
T,2021-09-14 18:25:44,40.69020761,-73.98419252,6,8.439,,1.160,126,18,25,,
T,2021-09-14 18:25:45,40.69020069,-73.98418157,6,6.758,,1.040,123,18,25,,
T,2021-09-14 18:25:46,40.69019358,-73.98416685,6,5.910,,1.270,112,18,25,,
T,2021-09-14 18:25:47,40.69018679,-73.98415000,6,5.221,,1.260,111,18,25,,
T,2021-09-14 18:25:48,40.69018123,-73.98413250,6,5.017,,1.260,108,18,25,,
T,2021-09-14 18:25:49,40.69017869,-73.98411608,6,4.310,,1.170,94,18,25,,
T,2021-09-14 18:25:50,40.69017290,-73.98410118,6,2.837,,1.260,103,18,25,,
T,2021-09-14 18:25:51,40.69016802,-73.98408571,6,1.223,,1.210,98,18,25,,
T,2021-09-14 18:25:52,40.69016163,-73.98407178,6,0.544,,1.240,118,18,25,,
T,2021-09-14 18:25:54,40.69014503,-73.98403814,6,1.918,,1.240,115,18,25,,
T,2021-09-14 18:25:56,40.69012806,-73.98400964,5,4.521,,1.230,129,18,25,,
T,2021-09-14 18:25:58,40.69011180,-73.98397208,5,5.873,,1.240,99,18,25,,
T,2021-09-14 18:26:00,40.69009395,-73.98393402,5,9.062,,1.290,118,12,25,,
T,2021-09-14 18:26:01,40.69008799,-73.98391668,5,9.537,,1.270,111,12,25,,
T,2021-09-14 18:26:02,40.69008168,-73.98390016,5,10.002,,1.230,117,12,25,,
T,2021-09-14 18:26:03,40.69007405,-73.98387966,5,10.390,,1.310,113,12,25,,
T,2021-09-14 18:26:04,40.69006194,-73.98386327,5,12.651,,1.280,126,12,25,,
T,2021-09-14 18:26:05,40.69005306,-73.98385032,5,11.807,,1.140,122,12,25,,
T,2021-09-14 18:26:06,40.69006688,-73.98382331,5,11.502,,3.270,53,12,25,,
T,2021-09-14 18:26:07,40.69006791,-73.98380919,5,11.266,,1.250,66,13,25,,
T,2021-09-14 18:26:08,40.69005307,-73.98378501,5,13.969,,2.010,121,13,25,,
T,2021-09-14 18:26:09,40.69004714,-73.98376483,5,13.769,,1.280,106,13,25,,
T,2021-09-14 18:26:10,40.69005935,-73.98376446,7,7.152,,0.540,71,13,25,,
T,2021-09-14 18:26:12,40.69007194,-73.98374230,7,5.762,,0.950,87,18,25,,
T,2021-09-14 18:26:14,40.69007923,-73.98371263,7,5.468,,0.850,89,18,25,,
T,2021-09-14 18:26:16,40.69008074,-73.98368623,6,6.835,,0.500,96,19,25,,
T,2021-09-14 18:26:18,40.69008736,-73.98366839,6,8.077,,0.780,43,19,25,,
T,2021-09-14 18:26:20,40.69010338,-73.98365052,6,8.132,,0.940,25,20,25,,
T,2021-09-14 18:26:22,40.69011003,-73.98364474,6,8.256,,0.000,,19,25,,
T,2021-09-14 18:26:23,40.69010960,-73.98364690,7,7.829,,0.340,337,19,25,,
T,2021-09-14 18:26:25,40.69009532,-73.98366286,6,8.303,,0.780,246,19,25,,
T,2021-09-14 18:26:26,40.69009048,-73.98366999,6,8.786,,0.600,254,19,25,,
T,2021-09-14 18:26:27,40.69008640,-73.98367912,6,8.330,,0.800,255,19,25,,
T,2021-09-14 18:26:28,40.69008500,-73.98368890,6,7.425,,0.660,272,19,25,,
T,2021-09-14 18:26:29,40.69008446,-73.98370136,6,6.973,,0.730,285,19,25,,
T,2021-09-14 18:26:45,40.69006580,-73.98366726,4,5.635,,0.950,89,17,25,,
T,2021-09-14 18:26:47,40.69007879,-73.98364284,4,7.893,,0.920,41,17,25,,
T,2021-09-14 18:26:49,40.69009893,-73.98362866,5,7.379,,0.870,9,20,25,,
T,2021-09-14 18:26:51,40.69012122,-73.98361861,5,7.109,,0.870,355,20,25,,
T,2021-09-14 18:26:53,40.69014133,-73.98360780,5,6.529,,0.960,12,20,25,,
T,2021-09-14 18:26:54,40.69015130,-73.98360264,5,6.823,,0.920,1,20,25,,
T,2021-09-14 18:26:55,40.69016022,-73.98359740,6,7.272,,0.800,14,19,25,,
T,2021-09-14 18:26:56,40.69016822,-73.98359574,6,7.019,,0.960,353,19,25,,
T,2021-09-14 18:26:57,40.69017716,-73.98359363,6,7.591,,0.950,347,19,25,,
T,2021-09-14 18:26:58,40.69018667,-73.98358852,6,8.307,,0.980,359,19,25,,
T,2021-09-14 18:26:59,40.69019578,-73.98358005,7,8.004,,0.980,21,18,25,,
T,2021-09-14 18:27:00,40.69020497,-73.98357197,7,8.319,,0.940,14,19,25,,
T,2021-09-14 18:27:01,40.69021490,-73.98356313,7,8.676,,0.960,16,19,25,,
T,2021-09-14 18:27:02,40.69022413,-73.98355465,7,9.208,,1.000,16,19,25,,
T,2021-09-14 18:27:03,40.69023587,-73.98354881,7,10.036,,1.060,359,19,25,,
T,2021-09-14 18:27:04,40.69024579,-73.98354697,7,10.086,,1.000,357,19,25,,
T,2021-09-14 18:27:05,40.69025664,-73.98353917,7,10.418,,1.000,2,19,25,,
T,2021-09-14 18:27:06,40.69026643,-73.98353473,7,10.429,,1.000,6,20,25,,
T,2021-09-14 18:27:08,40.69028276,-73.98350978,7,9.140,,0.830,353,19,25,,
T,2021-09-14 18:27:10,40.69029412,-73.98346529,7,9.305,,1.020,69,19,25,,
T,2021-09-14 18:27:12,40.69029432,-73.98342821,6,6.397,,1.550,107,19,25,,
T,2021-09-14 18:27:14,40.69028916,-73.98340023,6,3.917,,0.940,85,19,25,,
T,2021-09-14 18:27:15,40.69028986,-73.98338805,6,1.405,,0.910,81,19,25,,
T,2021-09-14 18:27:16,40.69028508,-73.98337683,6,-0.051,,0.980,99,19,25,,
T,2021-09-14 18:27:17,40.69028172,-73.98336798,6,-0.714,,0.960,103,19,25,,
T,2021-09-14 18:27:18,40.69027916,-73.98335904,6,-0.807,,0.990,117,20,25,,
T,2021-09-14 18:27:19,40.69028852,-73.98334538,6,-1.355,,1.700,58,20,25,,
T,2021-09-14 18:27:20,40.69029632,-73.98333963,6,-2.847,,0.920,50,20,25,,
T,2021-09-14 18:27:21,40.69030493,-73.98333733,5,-2.977,,0.890,37,19,25,,
T,2021-09-14 18:27:22,40.69031574,-73.98333763,6,-2.625,,1.000,9,19,25,,
T,2021-09-14 18:27:23,40.69032308,-73.98334175,5,-2.114,,0.800,356,19,25,,
T,2021-09-14 18:27:24,40.69032802,-73.98334293,5,-1.859,,0.820,14,19,25,,
T,2021-09-14 18:27:25,40.69033407,-73.98334577,5,-1.612,,0.780,359,19,25,,
T,2021-09-14 18:27:26,40.69034203,-73.98334758,5,-1.801,,0.850,1,18,25,,
T,2021-09-14 18:27:27,40.69034943,-73.98334862,5,-1.901,,0.750,10,18,25,,
T,2021-09-14 18:27:29,40.69036141,-73.98335606,5,-1.619,,0.660,340,19,25,,
T,2021-09-14 18:27:31,40.69037501,-73.98335845,5,-1.829,,0.670,5,20,25,,
T,2021-09-14 18:27:33,40.69038968,-73.98336116,5,-1.574,,0.760,1,20,25,,
T,2021-09-14 18:27:35,40.69040666,-73.98336480,6,-1.033,,0.850,2,20,25,,
T,2021-09-14 18:27:36,40.69041400,-73.98336490,6,-1.167,,0.760,13,20,25,,
T,2021-09-14 18:27:37,40.69042290,-73.98336538,6,-1.433,,0.890,12,20,25,,
T,2021-09-14 18:27:38,40.69043321,-73.98336595,6,-0.800,,0.980,7,20,25,,
T,2021-09-14 18:27:39,40.69044414,-73.98336754,6,0.307,,0.960,1,20,25,,
T,2021-09-14 18:27:40,40.69045402,-73.98336906,6,0.833,,0.930,7,20,25,,
T,2021-09-14 18:27:41,40.69046288,-73.98336976,6,1.815,,0.950,17,20,25,,
T,2021-09-14 18:27:42,40.69047207,-73.98337253,6,1.727,,0.950,356,20,25,,
T,2021-09-14 18:27:43,40.69048072,-73.98337290,6,1.338,,0.930,4,20,25,,
T,2021-09-14 18:27:44,40.69048913,-73.98337335,6,1.170,,0.920,0,20,25,,
T,2021-09-14 18:27:45,40.69049744,-73.98337408,6,1.098,,0.920,358,20,25,,
T,2021-09-14 18:27:46,40.69050577,-73.98337381,6,1.067,,0.920,4,20,25,,
T,2021-09-14 18:27:47,40.69051416,-73.98337433,6,1.053,,0.930,356,19,25,,
T,2021-09-14 18:27:49,40.69053071,-73.98337283,6,1.048,,0.920,1,,25,,
T,2021-09-14 18:27:50,40.69053854,-73.98338031,6,1.059,,0.950,325,,25,,
T,2021-09-14 18:27:51,40.69054673,-73.98338862,6,0.823,,0.960,343,7,25,,
T,2021-09-14 18:27:52,40.69055243,-73.98339763,6,0.520,,0.940,327,7,25,,
T,2021-09-14 18:27:53,40.69056140,-73.98340178,5,-0.432,,0.910,319,8,25,,
T,2021-09-14 18:27:54,40.69057309,-73.98339955,5,-2.740,,0.990,345,9,25,,
T,2021-09-14 18:27:55,40.69058302,-73.98339718,5,-3.201,,0.940,358,9,25,,
T,2021-09-14 18:27:56,40.69059195,-73.98339630,5,-3.400,,0.920,357,9,25,,
T,2021-09-14 18:27:57,40.69059694,-73.98340076,5,-1.724,,0.930,341,8,25,,
T,2021-09-14 18:27:58,40.69060889,-73.98339920,6,-2.608,,1.030,360,11,25,,
T,2021-09-14 18:27:59,40.69061828,-73.98339976,6,-2.665,,0.930,353,11,25,,
T,2021-09-14 18:28:00,40.69062715,-73.98339881,6,-2.690,,0.940,3,11,25,,
T,2021-09-14 18:28:01,40.69063570,-73.98339725,6,-2.701,,0.930,6,9,25,,
T,2021-09-14 18:28:02,40.69064428,-73.98339737,6,-2.704,,0.940,359,9,25,,
T,2021-09-14 18:28:03,40.69065280,-73.98339641,6,-2.704,,0.940,5,9,25,,
T,2021-09-14 18:28:04,40.69066131,-73.98339711,7,-2.703,,0.950,357,,25,,
T,2021-09-14 18:28:05,40.69066976,-73.98339686,7,-2.701,,0.940,1,,25,,
T,2021-09-14 18:28:06,40.69067814,-73.98339678,7,-2.698,,0.930,1,,25,,
T,2021-09-14 18:28:08,40.69069495,-73.98339643,7,-2.692,,0.930,0,,25,,
T,2021-09-14 18:28:09,40.69070641,-73.98339655,7,1.578,,0.940,351,,25,,
T,2021-09-14 18:28:10,40.69071641,-73.98339497,7,1.666,,0.970,5,8,25,,
T,2021-09-14 18:28:11,40.69072539,-73.98339374,7,1.709,,0.940,3,8,25,,
T,2021-09-14 18:28:12,40.69073491,-73.98339218,7,-0.170,,0.940,9,8,25,,
T,2021-09-14 18:28:13,40.69074197,-73.98339038,7,-5.121,,0.930,13,10,25,,
T,2021-09-14 18:28:14,40.69074902,-73.98339194,7,-5.191,,0.960,359,10,25,,
T,2021-09-14 18:28:15,40.69075681,-73.98339351,8,-5.218,,0.940,357,10,25,,
T,2021-09-14 18:28:16,40.69076505,-73.98339366,8,-5.229,,0.950,1,7,25,,
T,2021-09-14 18:28:17,40.69077350,-73.98339466,8,-5.232,,0.950,356,7,25,,
T,2021-09-14 18:28:18,40.69078201,-73.98339601,8,-5.232,,0.950,356,7,25,,
T,2021-09-14 18:28:19,40.69079062,-73.98339650,8,-5.230,,0.950,358,,25,,
T,2021-09-14 18:28:20,40.69079925,-73.98339618,8,-5.228,,0.950,1,,25,,
T,2021-09-14 18:28:21,40.69080793,-73.98339573,8,-5.225,,0.960,2,,25,,
T,2021-09-14 18:28:22,40.69081662,-73.98339600,9,-5.222,,0.960,359,,25,,
T,2021-09-14 18:28:23,40.69082525,-73.98339554,9,-5.219,,0.960,6,,25,,
T,2021-09-14 18:28:25,40.69084267,-73.98339411,9,-5.213,,0.970,1,,25,,
T,2021-09-14 18:28:27,40.69085999,-73.98339440,9,-5.206,,0.950,358,,25,,
T,2021-09-14 18:28:29,40.69087670,-73.98338845,10,-5.200,,0.960,19,,25,,
T,2021-09-14 18:28:31,40.69089274,-73.98337645,10,-5.194,,0.960,15,,25,,
T,2021-09-14 18:28:33,40.69091002,-73.98337316,11,-5.188,,1.000,359,,25,,
T,2021-09-14 18:28:34,40.69091865,-73.98337279,11,-5.185,,0.960,3,,25,,
T,2021-09-14 18:28:35,40.69092727,-73.98337333,11,-5.182,,0.960,358,,25,,
T,2021-09-14 18:28:36,40.69093591,-73.98337313,11,-5.179,,0.960,2,,25,,
T,2021-09-14 18:28:37,40.69094455,-73.98337238,11,-5.176,,0.960,3,,25,,
T,2021-09-14 18:28:38,40.69095323,-73.98337227,11,-5.172,,0.960,358,,25,,
T,2021-09-14 18:28:39,40.69096192,-73.98337197,10,-5.169,,0.960,3,,25,,
T,2021-09-14 18:28:41,40.69097918,-73.98337180,11,-5.163,,0.960,360,,25,,
T,2021-09-14 18:28:42,40.69098779,-73.98337193,11,-5.160,,0.950,0,,25,,
T,2021-09-14 18:28:43,40.69099645,-73.98337196,10,-5.157,,0.960,0,,25,,
T,2021-09-14 18:28:44,40.69100516,-73.98337112,10,-5.153,,0.960,4,,25,,
T,2021-09-14 18:28:45,40.69101389,-73.98337069,10,-5.150,,0.960,2,,25,,
T,2021-09-14 18:28:46,40.69102259,-73.98337035,10,-5.147,,0.960,2,,25,,
T,2021-09-14 18:28:47,40.69103128,-73.98337054,10,-5.144,,0.960,0,,25,,
T,2021-09-14 18:28:48,40.69103992,-73.98336998,10,-5.141,,0.960,2,,25,,
T,2021-09-14 18:28:49,40.69104857,-73.98337114,9,-5.137,,0.960,355,,25,,
T,2021-09-14 18:28:50,40.69105728,-73.98337092,9,-5.134,,0.970,1,,25,,
T,2021-09-14 18:28:51,40.69106596,-73.98336988,9,-5.131,,0.960,4,,25,,
T,2021-09-14 18:28:52,40.69107465,-73.98336896,8,-5.128,,0.960,4,,25,,
T,2021-09-14 18:28:53,40.69108340,-73.98336923,8,-5.125,,0.970,359,,25,,
T,2021-09-14 18:28:54,40.69109213,-73.98336891,8,-5.121,,0.970,4,,25,,
T,2021-09-14 18:28:55,40.69110084,-73.98336880,8,-5.118,,0.970,359,,25,,
T,2021-09-14 18:28:57,40.69111803,-73.98336876,8,-5.112,,0.950,359,,25,,
T,2021-09-14 18:28:59,40.69113511,-73.98336776,8,-5.106,,0.940,2,,25,,
T,2021-09-14 18:29:01,40.69115211,-73.98336821,8,-5.099,,0.940,359,,25,,
T,2021-09-14 18:29:03,40.69116909,-73.98336763,8,-5.093,,0.940,1,,24,,
T,2021-09-14 18:29:04,40.69117754,-73.98336877,8,-5.090,,0.940,355,,24,,
T,2021-09-14 18:29:05,40.69118600,-73.98336844,8,-5.087,,0.940,2,,24,,
T,2021-09-14 18:29:06,40.69119439,-73.98336760,8,-5.084,,0.930,4,,24,,
T,2021-09-14 18:29:07,40.69120286,-73.98336794,8,-5.081,,0.940,358,,24,,
T,2021-09-14 18:29:08,40.69121130,-73.98336774,8,-5.078,,0.930,2,,24,,
T,2021-09-14 18:29:09,40.69121969,-73.98336712,9,-5.075,,0.930,3,,24,,
T,2021-09-14 18:29:10,40.69122806,-73.98336737,9,-5.071,,0.930,359,,24,,
T,2021-09-14 18:29:11,40.69123635,-73.98336675,9,-5.068,,0.920,3,,24,,
T,2021-09-14 18:29:12,40.69124456,-73.98336689,9,-5.065,,0.910,359,,24,,
T,2021-09-14 18:29:13,40.69125269,-73.98336685,9,-5.062,,0.900,0,,24,,
T,2021-09-14 18:29:14,40.69126083,-73.98336679,9,-5.059,,0.900,357,,24,,
T,2021-09-14 18:29:16,40.69127724,-73.98336726,9,-5.053,,0.910,3,,24,,
T,2021-09-14 18:29:18,40.69129390,-73.98336697,8,-5.047,,0.920,4,,24,,
T,2021-09-14 18:29:20,40.69131058,-73.98336740,8,-5.041,,0.920,359,,24,,
T,2021-09-14 18:29:22,40.69132740,-73.98336679,8,-5.035,,0.930,3,,24,,
T,2021-09-14 18:29:24,40.69134432,-73.98336644,9,-5.029,,0.940,2,,24,,
T,2021-09-14 18:29:25,40.69135280,-73.98336605,8,-5.026,,0.940,2,,24,,
T,2021-09-14 18:29:26,40.69136155,-73.98337016,8,-9.682,,1.040,332,,24,,
T,2021-09-14 18:29:27,40.69137141,-73.98336832,7,-9.868,,1.120,4,7,24,,
T,2021-09-14 18:29:28,40.69137972,-73.98336677,7,-9.852,,0.940,3,7,24,,
T,2021-09-14 18:29:29,40.69138797,-73.98336475,7,-9.836,,0.950,8,7,24,,
T,2021-09-14 18:29:30,40.69139655,-73.98336486,7,-9.828,,0.960,359,7,24,,
T,2021-09-14 18:29:31,40.69140511,-73.98336695,7,-15.517,,0.960,357,7,24,,
T,2021-09-14 18:29:32,40.69141375,-73.98336574,8,-15.696,,0.970,9,9,24,,
T,2021-09-14 18:29:33,40.69142236,-73.98336516,7,-15.762,,0.960,3,7,24,,
T,2021-09-14 18:29:34,40.69143095,-73.98336499,7,-15.785,,0.950,2,7,24,,
T,2021-09-14 18:29:35,40.69143954,-73.98336457,7,-15.794,,0.950,3,7,24,,
T,2021-09-14 18:29:36,40.69144809,-73.98336408,7,-15.797,,0.950,2,7,24,,
T,2021-09-14 18:29:38,40.69147188,-73.98336441,7,-24.497,,0.950,14,8,24,,
T,2021-09-14 18:29:40,40.69149146,-73.98336559,6,-24.907,,0.950,3,9,24,,
T,2021-09-14 18:29:42,40.69150899,-73.98336382,6,-24.547,,0.960,359,9,24,,
T,2021-09-14 18:29:44,40.69152217,-73.98336374,5,-22.481,,0.940,351,12,24,,
T,2021-09-14 18:29:46,40.69153927,-73.98336106,5,-22.112,,0.960,2,12,24,,
T,2021-09-14 18:29:47,40.69154986,-73.98336915,5,-21.838,,1.030,323,12,24,,
T,2021-09-14 18:29:48,40.69155917,-73.98337574,5,-21.327,,0.930,339,12,24,,
T,2021-09-14 18:29:49,40.69156692,-73.98338588,5,-23.190,,0.960,358,12,24,,
T,2021-09-14 18:29:50,40.69153131,-73.98339221,5,-25.195,,0.000,,12,24,,
T,2021-09-14 18:29:51,40.69152174,-73.98339381,5,-25.225,,0.000,,12,24,,
T,2021-09-14 18:29:52,40.69151930,-73.98339426,5,-25.228,,0.000,,12,24,,
T,2021-09-14 18:29:54,40.69151856,-73.98339447,6,-25.223,,0.000,,12,24,,
T,2021-09-14 18:29:55,40.69151934,-73.98339369,6,-23.760,,0.190,152,12,24,,
T,2021-09-14 18:29:56,40.69151914,-73.98339545,6,-24.191,,0.210,254,11,24,,
T,2021-09-14 18:29:57,40.69152192,-73.98340939,7,-25.020,,1.160,279,13,24,,
T,2021-09-14 18:29:58,40.69153202,-73.98343097,6,-22.995,,1.200,289,13,24,,
T,2021-09-14 18:29:59,40.69153853,-73.98344503,6,-23.969,,1.100,291,13,24,,
T,2021-09-14 18:30:00,40.69154461,-73.98345725,6,-24.245,,1.110,293,13,24,,
T,2021-09-14 18:30:01,40.69155041,-73.98347127,7,-24.833,,1.080,282,12,24,,
T,2021-09-14 18:30:02,40.69155960,-73.98348514,6,-25.303,,1.090,294,12,24,,
T,2021-09-14 18:30:03,40.69156344,-73.98350158,6,-26.598,,1.280,262,11,24,,
T,2021-09-14 18:30:04,40.69157187,-73.98351498,7,-26.927,,1.300,299,11,24,,
T,2021-09-14 18:30:05,40.69157602,-73.98352657,7,-27.518,,1.070,292,11,24,,
T,2021-09-14 18:30:06,40.69157582,-73.98354004,7,-28.346,,1.160,269,10,24,,
T,2021-09-14 18:30:07,40.69158218,-73.98355603,7,-25.921,,1.080,277,10,24,,
T,2021-09-14 18:30:08,40.69159037,-73.98356469,6,-26.830,,0.860,310,11,24,,
T,2021-09-14 18:30:09,40.69160056,-73.98357490,6,-25.163,,0.910,313,12,24,,
T,2021-09-14 18:30:10,40.69160449,-73.98358674,7,-26.802,,0.960,291,12,24,,
T,2021-09-14 18:30:11,40.69160738,-73.98360075,7,-26.992,,1.230,282,18,24,,
T,2021-09-14 18:30:12,40.69161007,-73.98361752,7,-26.290,,1.240,258,19,24,,
T,2021-09-14 18:30:14,40.69161950,-73.98364297,8,-25.817,,1.040,267,19,24,,
T,2021-09-14 18:30:16,40.69163721,-73.98366355,8,-26.628,,1.030,308,19,24,,
T,2021-09-14 18:30:18,40.69165555,-73.98369207,9,-27.793,,0.840,283,19,24,,
T,2021-09-14 18:30:20,40.69166903,-73.98372098,9,-29.933,,1.030,279,19,24,,
T,2021-09-14 18:30:21,40.69167757,-73.98373327,10,-30.031,,1.020,281,19,24,,
T,2021-09-14 18:30:22,40.69168451,-73.98374747,10,-30.278,,1.050,282,18,24,,
T,2021-09-14 18:30:23,40.69169092,-73.98376043,10,-29.312,,0.990,279,18,24,,
T,2021-09-14 18:30:24,40.69169704,-73.98377352,10,-28.963,,1.110,272,18,24,,
T,2021-09-14 18:30:25,40.69170763,-73.98378773,10,-27.841,,1.160,281,18,24,,
T,2021-09-14 18:30:26,40.69171551,-73.98379849,10,-26.346,,1.110,266,17,24,,
T,2021-09-14 18:30:27,40.69172438,-73.98381014,10,-25.567,,1.110,272,18,24,,
T,2021-09-14 18:30:28,40.69173252,-73.98381720,9,-24.962,,0.960,273,19,24,,
T,2021-09-14 18:30:29,40.69173626,-73.98382803,9,-25.630,,1.200,253,19,24,,
T,2021-09-14 18:30:30,40.69173906,-73.98384351,9,-26.603,,1.190,271,19,24,,
T,2021-09-14 18:30:31,40.69173725,-73.98385819,8,-26.411,,1.130,256,19,24,,
T,2021-09-14 18:30:32,40.69174040,-73.98387261,8,-27.517,,1.080,280,19,24,,
T,2021-09-14 18:30:34,40.69174435,-73.98389910,9,-27.622,,1.080,279,17,24,,
T,2021-09-14 18:30:36,40.69175375,-73.98392217,9,-25.216,,1.140,278,7,24,,
T,2021-09-14 18:30:38,40.69176483,-73.98394589,9,-24.290,,1.060,276,18,24,,
T,2021-09-14 18:30:40,40.69177824,-73.98396611,9,-23.687,,0.980,281,19,24,,
T,2021-09-14 18:30:41,40.69178603,-73.98397636,9,-23.092,,0.930,284,20,24,,
T,2021-09-14 18:30:42,40.69179342,-73.98398463,9,-22.623,,0.960,276,20,24,,
T,2021-09-14 18:30:43,40.69179923,-73.98399496,8,-21.644,,0.980,279,19,24,,
T,2021-09-14 18:30:44,40.69180905,-73.98400563,9,-21.460,,1.090,306,19,24,,
T,2021-09-14 18:30:45,40.69181604,-73.98401786,8,-20.646,,1.120,293,19,24,,
T,2021-09-14 18:30:46,40.69181922,-73.98403238,9,-18.785,,1.000,279,20,24,,
T,2021-09-14 18:30:47,40.69182293,-73.98405116,9,-18.537,,1.120,284,20,24,,
T,2021-09-14 18:30:48,40.69182608,-73.98406758,9,-18.832,,1.030,274,20,24,,
T,2021-09-14 18:30:49,40.69182804,-73.98408338,9,-18.658,,1.010,268,20,24,,
T,2021-09-14 18:30:50,40.69183054,-73.98409861,9,-18.224,,1.000,271,20,24,,
T,2021-09-14 18:30:51,40.69183745,-73.98411859,9,-18.436,,1.030,279,19,24,,
T,2021-09-14 18:30:53,40.69184044,-73.98415217,8,-18.300,,1.140,262,20,24,,
T,2021-09-14 18:30:55,40.69185244,-73.98417748,8,-15.853,,0.950,275,19,24,,
T,2021-09-14 18:30:57,40.69186131,-73.98420242,8,-14.307,,0.860,274,20,24,,
T,2021-09-14 18:30:59,40.69187116,-73.98422770,8,-15.328,,0.820,285,20,24,,
T,2021-09-14 18:31:00,40.69187634,-73.98423979,8,-15.961,,0.890,281,20,24,,
T,2021-09-14 18:31:01,40.69188287,-73.98425454,8,-15.255,,0.940,293,20,24,,
T,2021-09-14 18:31:02,40.69189223,-73.98426638,8,-16.061,,1.040,323,20,24,,
T,2021-09-14 18:31:03,40.69189234,-73.98428582,9,-15.974,,1.380,272,20,24,,
T,2021-09-14 18:31:04,40.69189356,-73.98430038,9,-16.027,,1.020,296,20,24,,
T,2021-09-14 18:31:05,40.69189471,-73.98431181,9,-17.726,,0.900,295,19,24,,
T,2021-09-14 18:31:06,40.69189449,-73.98432621,9,-18.359,,0.940,284,18,24,,
T,2021-09-14 18:31:07,40.69189681,-73.98434214,9,-19.225,,0.960,297,18,24,,
T,2021-09-14 18:31:08,40.69189996,-73.98435691,9,-20.241,,0.960,309,18,23,,
T,2021-09-14 18:31:09,40.69189964,-73.98437077,9,-21.056,,0.910,284,18,23,,
T,2021-09-14 18:31:10,40.69189999,-73.98438614,9,-20.256,,0.950,287,17,23,,
T,2021-09-14 18:31:11,40.69189670,-73.98440093,9,-19.713,,1.070,257,17,23,,
T,2021-09-14 18:31:12,40.69189463,-73.98441327,9,-19.591,,0.950,246,17,23,,
T,2021-09-14 18:31:14,40.69190063,-73.98444157,8,-22.630,,1.060,277,18,23,,
T,2021-09-14 18:31:16,40.69190742,-73.98447000,7,-18.997,,1.230,286,18,23,,
T,2021-09-14 18:31:18,40.69190682,-73.98449147,7,-14.078,,0.970,272,18,23,,
T,2021-09-14 18:31:20,40.69190403,-73.98452256,7,-14.156,,1.040,259,16,23,,
T,2021-09-14 18:31:21,40.69190260,-73.98453443,7,-14.927,,0.980,238,16,23,,
T,2021-09-14 18:31:22,40.69190456,-73.98455086,7,-14.920,,1.120,267,11,23,,
T,2021-09-14 18:31:23,40.69190020,-73.98456480,7,-15.207,,1.190,234,10,23,,
T,2021-09-14 18:31:24,40.69189996,-73.98457859,7,-15.068,,1.040,254,10,23,,
T,2021-09-14 18:31:25,40.69190406,-73.98459162,7,-13.184,,1.120,284,10,23,,
T,2021-09-14 18:31:26,40.69190373,-73.98460495,7,-13.164,,1.100,260,9,23,,
T,2021-09-14 18:31:27,40.69190518,-73.98461721,7,-14.229,,1.020,272,9,23,,
T,2021-09-14 18:31:28,40.69190729,-73.98462892,7,-12.463,,1.010,281,9,23,,
T,2021-09-14 18:31:29,40.69190581,-73.98464238,7,-13.861,,1.050,265,9,23,,
T,2021-09-14 18:31:30,40.69190634,-73.98465893,7,-14.557,,1.120,270,9,23,,
T,2021-09-14 18:31:31,40.69190616,-73.98467346,7,-15.820,,1.090,259,9,23,,
T,2021-09-14 18:31:32,40.69190537,-73.98468783,7,-16.743,,1.140,247,9,23,,
T,2021-09-14 18:31:34,40.69190972,-73.98471518,7,-15.415,,1.030,275,8,23,,
T,2021-09-14 18:31:36,40.69191090,-73.98474087,7,-13.326,,1.170,258,8,23,,
T,2021-09-14 18:31:38,40.69191538,-73.98477635,7,-12.841,,1.000,277,8,23,,
T,2021-09-14 18:31:40,40.69191615,-73.98480826,7,-12.222,,1.040,269,9,23,,
T,2021-09-14 18:31:42,40.69191457,-73.98483786,7,-9.850,,1.030,273,9,23,,
T,2021-09-14 18:31:44,40.69191165,-73.98486848,7,-10.383,,1.100,253,10,23,,
T,2021-09-14 18:31:46,40.69190495,-73.98489620,7,-10.316,,1.060,258,10,23,,
T,2021-09-14 18:31:48,40.69190463,-73.98492508,7,-9.785,,1.080,281,11,23,,
T,2021-09-14 18:31:50,40.69190327,-73.98495701,7,-10.425,,1.050,268,9,23,,
T,2021-09-14 18:31:52,40.69190233,-73.98498723,7,-11.205,,1.030,266,9,23,,
T,2021-09-14 18:31:55,40.69190534,-73.98504983,7,-5.691,,1.110,254,11,23,,
T,2021-09-14 18:31:58,40.69190905,-73.98511070,7,-2.833,,1.020,243,12,23,,
T,2021-09-14 18:32:01,40.69191707,-73.98517286,7,-3.684,,1.470,275,11,23,,
T,2021-09-14 18:32:04,40.69192912,-73.98521926,7,-1.286,,1.070,281,10,23,,
T,2021-09-14 18:32:06,40.69193421,-73.98525258,6,2.786,,1.100,270,12,23,,
T,2021-09-14 18:32:07,40.69193851,-73.98526739,6,0.541,,1.010,269,12,23,,
T,2021-09-14 18:32:08,40.69195088,-73.98527924,6,0.610,,1.450,312,12,23,,
T,2021-09-14 18:32:09,40.69196145,-73.98528614,6,1.543,,1.130,324,13,23,,
T,2021-09-14 18:32:10,40.69197170,-73.98528969,6,1.880,,1.090,336,13,23,,
T,2021-09-14 18:32:11,40.69198154,-73.98529406,6,2.259,,1.090,335,12,23,,
T,2021-09-14 18:32:12,40.69199148,-73.98529527,5,2.700,,1.130,355,17,23,,
T,2021-09-14 18:32:13,40.69200237,-73.98529735,6,2.800,,1.120,345,17,23,,
T,2021-09-14 18:32:14,40.69201502,-73.98529417,5,3.450,,1.240,12,18,23,,
T,2021-09-14 18:32:15,40.69202768,-73.98529657,5,3.172,,1.220,347,18,23,,
T,2021-09-14 18:32:16,40.69203852,-73.98530617,5,2.642,,1.300,314,18,23,,
T,2021-09-14 18:32:18,40.69205078,-73.98533020,5,2.342,,1.160,293,18,23,,
T,2021-09-14 18:32:20,40.69205742,-73.98535907,6,0.915,,1.130,290,17,23,,
T,2021-09-14 18:32:22,40.69206121,-73.98538753,6,-0.158,,1.080,294,17,23,,
T,2021-09-14 18:32:24,40.69205930,-73.98541766,6,-0.771,,1.120,272,17,23,,
T,2021-09-14 18:32:26,40.69205929,-73.98544494,6,-2.053,,1.080,279,17,23,,
T,2021-09-14 18:32:27,40.69205715,-73.98545919,6,-2.137,,1.100,278,17,23,,
T,2021-09-14 18:32:28,40.69205700,-73.98547530,6,-2.660,,1.150,282,17,23,,
T,2021-09-14 18:32:29,40.69205683,-73.98548854,6,-3.261,,1.100,279,17,23,,
T,2021-09-14 18:32:30,40.69205316,-73.98550305,5,-3.834,,1.160,267,17,23,,
T,2021-09-14 18:32:31,40.69205132,-73.98551619,5,-3.661,,1.150,274,17,23,,
T,2021-09-14 18:32:32,40.69204856,-73.98553064,5,-3.144,,1.120,277,16,23,,
T,2021-09-14 18:32:33,40.69204566,-73.98554475,5,-2.586,,1.130,270,10,23,,
T,2021-09-14 18:32:34,40.69204585,-73.98555966,4,-2.418,,1.140,274,10,23,,
T,2021-09-14 18:32:35,40.69204797,-73.98557476,4,-2.572,,1.170,295,10,23,,
T,2021-09-14 18:32:36,40.69204833,-73.98559015,4,-2.843,,1.110,288,10,23,,
T,2021-09-14 18:32:37,40.69204564,-73.98560710,4,-1.432,,1.150,267,10,23,,
T,2021-09-14 18:32:39,40.69204127,-73.98563757,5,-3.665,,1.320,281,11,23,,
T,2021-09-14 18:32:41,40.69204329,-73.98566365,5,-5.071,,1.160,307,10,23,,
T,2021-09-14 18:32:43,40.69204213,-73.98569074,6,-5.892,,1.100,295,10,23,,
T,2021-09-14 18:32:44,40.69204568,-73.98569836,6,-6.009,,1.100,300,10,23,,
T,2021-09-14 18:32:45,40.69204507,-73.98571101,6,-7.062,,1.100,280,11,23,,
T,2021-09-14 18:32:46,40.69204445,-73.98572462,6,-8.294,,1.080,282,13,23,,
T,2021-09-14 18:32:47,40.69204233,-73.98573713,8,-8.978,,0.860,272,13,23,,
T,2021-09-14 18:32:48,40.69203952,-73.98575196,11,-9.702,,0.780,270,13,23,,
T,2021-09-14 18:32:49,40.69203931,-73.98576603,10,-9.265,,0.730,270,14,23,,
T,2021-09-14 18:32:50,40.69203924,-73.98577978,12,-9.722,,0.740,272,13,23,,
T,2021-09-14 18:32:51,40.69203797,-73.98578856,14,-10.523,,0.310,269,13,23,,
T,2021-09-14 18:32:52,40.69203808,-73.98579728,15,-10.784,,0.410,282,14,23,,
T,2021-09-14 18:32:54,40.69205018,-73.98582777,15,-11.970,,1.170,306,16,23,,
T,2021-09-14 18:32:56,40.69205573,-73.98585716,13,-12.895,,0.880,289,17,23,,
T,2021-09-14 18:32:58,40.69206904,-73.98588597,13,-13.429,,1.030,325,17,23,,
T,2021-09-14 18:32:59,40.69207622,-73.98590091,13,-14.103,,1.210,310,16,23,,
T,2021-09-14 18:33:00,40.69208260,-73.98591523,13,-15.080,,0.950,312,16,23,,
T,2021-09-14 18:33:01,40.69208443,-73.98592824,13,-15.556,,0.710,297,17,23,,
T,2021-09-14 18:33:02,40.69208344,-73.98594498,11,-15.689,,1.070,284,18,23,,
T,2021-09-14 18:33:03,40.69208537,-73.98596051,11,-15.167,,0.840,281,18,23,,
T,2021-09-14 18:33:04,40.69208959,-73.98597771,10,-14.979,,1.120,281,18,23,,
T,2021-09-14 18:33:05,40.69209616,-73.98599285,11,-13.017,,0.770,273,17,23,,
T,2021-09-14 18:33:06,40.69210412,-73.98601028,10,-13.456,,0.940,278,18,23,,
T,2021-09-14 18:33:07,40.69211480,-73.98603034,9,-13.119,,1.320,291,18,23,,
T,2021-09-14 18:33:08,40.69212851,-73.98604751,9,-12.963,,1.110,297,18,23,,
T,2021-09-14 18:33:09,40.69213930,-73.98605518,10,-12.359,,0.530,316,19,23,,
T,2021-09-14 18:33:11,40.69215743,-73.98607124,10,-10.436,,0.750,307,18,23,,
T,2021-09-14 18:33:13,40.69217200,-73.98606667,10,-9.895,,0.850,63,19,23,,
T,2021-09-14 18:33:15,40.69218673,-73.98603838,9,-11.530,,1.180,70,19,23,,
T,2021-09-14 18:33:17,40.69220144,-73.98602997,9,-12.096,,0.520,22,19,23,,
T,2021-09-14 18:33:18,40.69220614,-73.98602857,9,-13.062,,0.360,45,17,23,,
T,2021-09-14 18:33:19,40.69220789,-73.98602918,9,-14.099,,0.000,,17,23,,
T,2021-09-14 18:33:21,40.69221312,-73.98603094,10,-15.516,,0.320,93,16,23,,
T,2021-09-14 18:33:22,40.69221529,-73.98602620,11,-16.113,,0.540,61,15,23,,
T,2021-09-14 18:33:23,40.69221992,-73.98602217,12,-16.526,,0.550,44,15,23,,
T,2021-09-14 18:33:24,40.69222304,-73.98602659,12,-15.323,,0.310,19,15,23,,
T,2021-09-14 18:33:25,40.69222456,-73.98603056,14,-13.999,,0.270,82,16,23,,
T,2021-09-14 18:33:27,40.69222182,-73.98603955,15,-13.233,,0.540,225,17,23,,
T,2021-09-14 18:33:28,40.69222413,-73.98604420,15,-11.870,,0.000,,17,23,,
T,2021-09-14 18:33:29,40.69223108,-73.98604302,15,-11.586,,0.770,41,20,23,,
T,2021-09-14 18:33:30,40.69224316,-73.98605147,15,-13.653,,0.710,4,20,23,,
T,2021-09-14 18:33:31,40.69225260,-73.98606775,15,-13.052,,0.510,332,20,23,,
T,2021-09-14 18:33:32,40.69226196,-73.98607743,14,-13.693,,0.660,29,20,23,,
T,2021-09-14 18:33:33,40.69227146,-73.98607713,13,-15.125,,0.600,47,20,23,,
T,2021-09-14 18:33:34,40.69228443,-73.98607625,13,-16.646,,0.780,26,20,23,,
T,2021-09-14 18:33:35,40.69229978,-73.98608284,12,-17.462,,1.060,359,18,23,,
T,2021-09-14 18:33:36,40.69231171,-73.98609249,12,-18.981,,0.730,343,18,23,,
T,2021-09-14 18:33:37,40.69232394,-73.98609863,11,-19.403,,0.960,356,18,23,,
T,2021-09-14 18:33:38,40.69233525,-73.98610123,11,-18.842,,0.930,10,17,23,,
T,2021-09-14 18:33:39,40.69234358,-73.98610079,10,-21.029,,0.690,27,18,23,,
T,2021-09-14 18:33:40,40.69235329,-73.98609359,10,-21.502,,0.980,33,18,23,,
T,2021-09-14 18:33:41,40.69236310,-73.98608948,10,-20.877,,0.860,17,17,23,,
T,2021-09-14 18:33:42,40.69237495,-73.98608546,10,-21.913,,0.990,9,17,23,,
T,2021-09-14 18:33:43,40.69238668,-73.98608538,10,-20.967,,1.030,6,17,23,,
T,2021-09-14 18:33:44,40.69239890,-73.98608823,10,-19.324,,1.070,355,17,23,,
T,2021-09-14 18:33:45,40.69241210,-73.98608866,10,-18.280,,1.050,358,16,23,,
T,2021-09-14 18:33:47,40.69243938,-73.98608733,10,-19.092,,1.060,4,17,23,,
T,2021-09-14 18:33:49,40.69249005,-73.98609666,9,-16.241,,1.170,6,18,23,,
T,2021-09-14 18:33:51,40.69254139,-73.98610281,9,-14.765,,1.030,3,18,23,,
T,2021-09-14 18:33:53,40.69257394,-73.98610948,9,-13.844,,1.150,19,8,23,,
T,2021-09-14 18:33:55,40.69260568,-73.98611894,9,-12.400,,1.120,8,9,23,,
T,2021-09-14 18:33:56,40.69261740,-73.98611941,8,-10.224,,0.960,11,9,23,,
T,2021-09-14 18:33:57,40.69262872,-73.98612219,8,-10.107,,1.110,354,9,23,,
T,2021-09-14 18:33:58,40.69263723,-73.98613062,8,-6.426,,1.090,14,8,23,,
T,2021-09-14 18:33:59,40.69264606,-73.98614137,8,-4.099,,1.040,11,10,23,,
T,2021-09-14 18:34:00,40.69265649,-73.98615209,8,-1.818,,1.050,359,10,23,,
T,2021-09-14 18:34:01,40.69266849,-73.98615356,7,-0.207,,1.010,14,9,23,,
T,2021-09-14 18:34:02,40.69267776,-73.98614735,8,-0.193,,1.040,21,9,23,,
T,2021-09-14 18:34:03,40.69269016,-73.98614749,7,2.042,,1.020,9,8,23,,
T,2021-09-14 18:34:04,40.69270272,-73.98615043,7,5.435,,1.000,1,8,23,,
T,2021-09-14 18:34:05,40.69271386,-73.98615436,7,6.771,,0.990,6,8,23,,
T,2021-09-14 18:34:06,40.69272636,-73.98616141,7,9.240,,1.040,355,8,23,,
T,2021-09-14 18:34:08,40.69275477,-73.98616565,7,13.068,,1.040,5,9,23,,
T,2021-09-14 18:34:10,40.69277813,-73.98617106,11,12.504,,1.030,0,9,23,,
T,2021-09-14 18:34:12,40.69280211,-73.98617482,11,14.094,,1.010,1,10,23,,
T,2021-09-14 18:34:14,40.69282482,-73.98617654,11,14.551,,1.020,8,9,23,,
T,2021-09-14 18:34:15,40.69283863,-73.98617731,11,15.648,,1.100,8,10,23,,
T,2021-09-14 18:34:16,40.69285216,-73.98617792,11,17.142,,1.080,6,9,23,,
T,2021-09-14 18:34:17,40.69286332,-73.98617972,11,18.396,,1.080,9,9,23,,
T,2021-09-14 18:34:18,40.69287757,-73.98618284,11,19.638,,1.120,351,8,23,,
T,2021-09-14 18:34:19,40.69288775,-73.98618330,11,19.214,,1.050,359,8,23,,
T,2021-09-14 18:34:20,40.69289981,-73.98618335,11,20.255,,1.060,356,8,23,,
T,2021-09-14 18:34:21,40.69291323,-73.98618449,11,20.012,,1.120,347,8,23,,
T,2021-09-14 18:34:22,40.69292426,-73.98618636,12,20.027,,1.060,339,8,23,,
T,2021-09-14 18:34:23,40.69293823,-73.98618855,12,20.287,,1.050,341,8,23,,
T,2021-09-14 18:34:24,40.69295080,-73.98618594,12,20.460,,1.180,7,9,23,,
T,2021-09-14 18:34:25,40.69296160,-73.98618629,12,20.778,,1.150,343,9,23,,
T,2021-09-14 18:34:26,40.69297440,-73.98618102,12,19.670,,1.120,3,10,23,,
T,2021-09-14 18:34:27,40.69298508,-73.98617775,12,19.536,,1.060,6,9,23,,
T,2021-09-14 18:34:29,40.69301020,-73.98617938,11,20.063,,1.130,339,9,23,,
T,2021-09-14 18:34:31,40.69303354,-73.98617667,12,20.872,,1.070,356,9,23,,
T,2021-09-14 18:34:33,40.69306279,-73.98618019,12,19.140,,1.060,354,9,23,,
T,2021-09-14 18:34:35,40.69309215,-73.98618457,12,18.696,,1.200,335,10,23,,
T,2021-09-14 18:34:36,40.69310743,-73.98618320,12,18.603,,1.200,1,10,23,,
T,2021-09-14 18:34:37,40.69311801,-73.98618137,12,19.820,,1.070,0,11,23,,
T,2021-09-14 18:34:38,40.69312782,-73.98617803,12,20.495,,1.110,18,11,23,,
T,2021-09-14 18:34:39,40.69314135,-73.98618358,12,21.630,,1.270,346,11,23,,
T,2021-09-14 18:34:40,40.69315357,-73.98618685,12,21.307,,1.050,343,11,23,,
T,2021-09-14 18:34:41,40.69316585,-73.98618926,12,21.235,,1.010,356,11,23,,
T,2021-09-14 18:34:42,40.69317819,-73.98619085,12,20.846,,1.060,357,11,23,,
T,2021-09-14 18:34:43,40.69318915,-73.98618836,12,20.615,,1.100,10,10,23,,
T,2021-09-14 18:34:44,40.69320010,-73.98619292,11,20.835,,1.110,342,9,23,,
T,2021-09-14 18:34:45,40.69321103,-73.98619428,11,20.900,,1.120,356,10,23,,
T,2021-09-14 18:34:46,40.69322208,-73.98619707,11,21.310,,1.080,349,10,22,,
T,2021-09-14 18:34:47,40.69323333,-73.98619752,11,20.750,,1.130,4,10,23,,
T,2021-09-14 18:34:49,40.69325617,-73.98619876,11,20.518,,1.090,0,10,23,,
T,2021-09-14 18:34:51,40.69328223,-73.98619833,11,19.501,,1.120,11,10,23,,
T,2021-09-14 18:34:53,40.69330754,-73.98620110,11,20.752,,1.070,2,10,23,,
T,2021-09-14 18:34:55,40.69332920,-73.98619886,11,22.021,,0.970,2,11,23,,
T,2021-09-14 18:34:57,40.69335129,-73.98619239,10,22.204,,1.130,29,12,23,,
T,2021-09-14 18:34:58,40.69336564,-73.98619392,10,21.810,,1.080,18,12,23,,
T,2021-09-14 18:34:59,40.69338038,-73.98620047,11,20.707,,1.290,354,12,23,,
T,2021-09-14 18:35:00,40.69339601,-73.98620726,10,18.775,,1.090,347,13,23,,
T,2021-09-14 18:35:01,40.69340897,-73.98620675,5,18.522,,1.190,9,13,23,,
T,2021-09-14 18:35:02,40.69342390,-73.98621038,5,14.995,,1.180,347,12,23,,
T,2021-09-14 18:35:03,40.69343563,-73.98621260,5,14.927,,1.100,355,13,23,,
T,2021-09-14 18:35:04,40.69344859,-73.98621803,5,11.999,,1.110,342,12,23,,
T,2021-09-14 18:35:05,40.69345901,-73.98622211,4,10.667,,1.040,349,12,23,,
T,2021-09-14 18:35:06,40.69346916,-73.98622340,4,7.121,,1.060,344,10,23,,
T,2021-09-14 18:35:07,40.69348103,-73.98622078,4,4.527,,1.110,352,9,23,,
T,2021-09-14 18:35:08,40.69349696,-73.98621857,4,2.605,,1.050,350,9,23,,
T,2021-09-14 18:35:09,40.69351292,-73.98621535,4,1.071,,1.210,348,10,23,,
T,2021-09-14 18:35:10,40.69352542,-73.98621079,4,1.028,,1.150,7,10,23,,
T,2021-09-14 18:35:12,40.69355092,-73.98620501,4,-0.569,,1.110,3,10,23,,
T,2021-09-14 18:35:14,40.69357645,-73.98619732,4,-2.458,,1.150,3,10,23,,
T,2021-09-14 18:35:16,40.69360170,-73.98619030,4,-2.011,,1.230,15,10,23,,
T,2021-09-14 18:35:18,40.69362785,-73.98618042,4,-2.104,,1.170,19,12,23,,
T,2021-09-14 18:35:19,40.69363504,-73.98616996,4,-2.288,,1.070,40,12,23,,
T,2021-09-14 18:35:20,40.69364676,-73.98615954,4,-1.548,,1.140,40,12,23,,
T,2021-09-14 18:35:21,40.69365440,-73.98614650,4,-2.661,,1.140,52,13,23,,
T,2021-09-14 18:35:22,40.69366099,-73.98613530,4,-2.204,,1.080,46,17,23,,
T,2021-09-14 18:35:23,40.69366066,-73.98612124,4,-1.732,,1.040,79,18,23,,
T,2021-09-14 18:35:24,40.69366388,-73.98610672,4,-0.962,,1.140,66,18,23,,
T,2021-09-14 18:35:25,40.69367055,-73.98609303,4,-0.599,,1.160,60,18,23,,
T,2021-09-14 18:35:26,40.69367774,-73.98608022,5,-0.170,,1.150,57,18,23,,
T,2021-09-14 18:35:27,40.69368558,-73.98606760,5,-0.427,,1.140,53,18,23,,
T,2021-09-14 18:35:28,40.69369604,-73.98605808,5,-0.135,,1.210,30,18,23,,
T,2021-09-14 18:35:29,40.69370327,-73.98604591,5,-0.166,,1.120,43,20,23,,
T,2021-09-14 18:35:30,40.69370995,-73.98603059,5,-0.909,,1.180,55,20,23,,
T,2021-09-14 18:35:32,40.69372684,-73.98600360,5,-2.935,,1.370,27,20,23,,
T,2021-09-14 18:35:34,40.69374446,-73.98597769,5,-2.810,,1.170,47,20,23,,
T,2021-09-14 18:35:36,40.69376058,-73.98594587,5,-2.786,,1.270,53,19,23,,
T,2021-09-14 18:35:38,40.69378052,-73.98592941,7,-3.251,,0.930,37,20,23,,
T,2021-09-14 18:35:39,40.69379173,-73.98592369,7,-4.045,,0.950,44,20,23,,
T,2021-09-14 18:35:40,40.69380395,-73.98591388,6,-5.243,,0.960,50,20,23,,
T,2021-09-14 18:35:41,40.69381527,-73.98590156,6,-6.204,,0.960,53,20,23,,
T,2021-09-14 18:35:42,40.69382442,-73.98588792,6,-8.089,,0.990,62,20,23,,
T,2021-09-14 18:35:43,40.69383639,-73.98587228,6,-8.076,,1.030,48,20,23,,
T,2021-09-14 18:35:44,40.69384980,-73.98586234,6,-9.401,,1.080,23,20,23,,
T,2021-09-14 18:35:45,40.69385877,-73.98584938,6,-9.291,,1.130,61,18,23,,
T,2021-09-14 18:35:46,40.69386440,-73.98583675,6,-8.770,,0.920,69,18,23,,
T,2021-09-14 18:35:47,40.69387523,-73.98582736,6,-9.540,,1.000,50,18,23,,
T,2021-09-14 18:35:48,40.69388222,-73.98581329,6,-11.408,,1.090,83,19,23,,
T,2021-09-14 18:35:49,40.69388971,-73.98580086,6,-11.927,,0.950,74,20,23,,
T,2021-09-14 18:35:51,40.69390959,-73.98577585,6,-13.450,,1.070,56,20,23,,
T,2021-09-14 18:35:53,40.69393444,-73.98575477,5,-13.380,,1.030,47,21,23,,
T,2021-09-14 18:35:55,40.69395915,-73.98573123,4,-13.767,,1.030,43,20,23,,
T,2021-09-14 18:35:57,40.69398156,-73.98570436,4,-14.335,,1.030,47,20,23,,
T,2021-09-14 18:35:58,40.69399175,-73.98569168,4,-14.651,,0.990,51,20,23,,
T,2021-09-14 18:35:59,40.69400539,-73.98567843,4,-15.344,,0.980,42,20,23,,
T,2021-09-14 18:36:00,40.69401432,-73.98566581,4,-15.020,,0.930,56,19,23,,
T,2021-09-14 18:36:01,40.69402631,-73.98565602,4,-15.553,,1.000,35,20,23,,
T,2021-09-14 18:36:02,40.69403929,-73.98564965,4,-17.021,,0.920,32,20,23,,
T,2021-09-14 18:36:03,40.69405133,-73.98564493,4,-16.509,,0.920,16,20,23,,
T,2021-09-14 18:36:04,40.69406427,-73.98564023,4,-17.035,,0.930,14,20,23,,
T,2021-09-14 18:36:05,40.69407787,-73.98563998,4,-17.111,,1.070,357,20,23,,
T,2021-09-14 18:36:06,40.69409039,-73.98564141,4,-17.424,,0.940,358,20,23,,
T,2021-09-14 18:36:07,40.69410164,-73.98564680,5,-17.742,,0.950,346,20,23,,
T,2021-09-14 18:36:09,40.69412128,-73.98566614,5,-17.794,,0.950,314,19,23,,
T,2021-09-14 18:36:11,40.69414501,-73.98569068,5,-17.000,,1.010,318,20,23,,
T,2021-09-14 18:36:13,40.69416384,-73.98571120,5,-17.204,,0.920,307,20,23,,
T,2021-09-14 18:36:15,40.69417443,-73.98573368,5,-17.240,,0.910,293,20,23,,
T,2021-09-14 18:36:17,40.69418457,-73.98575762,4,-16.174,,0.900,280,19,23,,
T,2021-09-14 18:36:19,40.69419442,-73.98578502,4,-16.206,,0.880,280,19,23,,
T,2021-09-14 18:36:21,40.69420529,-73.98581239,4,-17.039,,0.920,272,19,23,,
T,2021-09-14 18:36:23,40.69421481,-73.98583666,4,-17.442,,0.910,288,19,23,,
T,2021-09-14 18:36:24,40.69422226,-73.98584775,4,-17.621,,0.900,300,19,23,,
T,2021-09-14 18:36:26,40.69423665,-73.98586880,4,-18.417,,0.880,301,19,23,,
T,2021-09-14 18:36:28,40.69425035,-73.98588990,4,-18.864,,0.900,292,19,23,,
T,2021-09-14 18:36:30,40.69426695,-73.98590910,5,-18.202,,0.890,311,19,23,,
T,2021-09-14 18:36:31,40.69427414,-73.98591907,5,-17.682,,0.870,305,19,23,,
T,2021-09-14 18:36:32,40.69428453,-73.98592681,5,-17.362,,0.990,330,19,23,,
T,2021-09-14 18:36:33,40.69429611,-73.98593537,5,-17.051,,0.980,328,19,23,,
T,2021-09-14 18:36:34,40.69430697,-73.98593970,4,-16.637,,0.940,341,19,23,,
T,2021-09-14 18:36:35,40.69431793,-73.98594534,4,-15.839,,0.870,328,19,23,,
T,2021-09-14 18:36:36,40.69432994,-73.98594831,4,-14.577,,0.930,342,18,23,,
T,2021-09-14 18:36:37,40.69433183,-73.98594948,4,-15.865,,0.360,342,19,23,,
T,2021-09-14 18:36:39,40.69434304,-73.98595554,4,-16.629,,0.930,341,19,23,,
T,2021-09-14 18:36:40,40.69435108,-73.98595648,4,-16.422,,0.740,354,19,23,,
T,2021-09-14 18:36:41,40.69435960,-73.98595618,4,-15.336,,0.760,354,18,23,,
T,2021-09-14 18:36:42,40.69436571,-73.98595564,4,-14.992,,0.510,0,18,23,,
T,2021-09-14 18:36:43,40.69437179,-73.98595723,4,-15.469,,0.740,358,18,23,,
T,2021-09-14 18:36:44,40.69437565,-73.98595650,4,-14.297,,0.390,23,18,23,,
T,2021-09-14 18:36:46,40.69438039,-73.98594195,4,-13.877,,0.620,69,17,23,,
T,2021-09-14 18:36:47,40.69438186,-73.98593549,4,-13.743,,0.600,72,17,23,,
T,2021-09-14 18:36:48,40.69438329,-73.98593256,4,-13.293,,0.320,84,17,23,,
T,2021-09-14 18:36:50,40.69438545,-73.98593484,4,-13.240,,0.380,298,17,23,,
T,2021-09-14 18:36:51,40.69438665,-73.98593558,4,-13.547,,0.230,285,18,23,,
T,2021-09-14 18:36:52,40.69438875,-73.98593856,4,-13.442,,0.370,277,18,23,,
T,2021-09-14 18:36:53,40.69439234,-73.98593806,4,-13.295,,0.000,,18,23,,
T,2021-09-14 18:36:54,40.69439484,-73.98593890,4,-13.217,,0.000,,18,23,,
T,2021-09-14 18:36:55,40.69440020,-73.98594820,4,-13.816,,0.800,306,19,23,,
T,2021-09-14 18:36:56,40.69440611,-73.98595503,4,-13.745,,0.860,313,19,23,,
T,2021-09-14 18:36:57,40.69441241,-73.98596206,4,-14.355,,0.780,329,18,23,,
T,2021-09-14 18:36:58,40.69441953,-73.98596789,4,-14.840,,0.640,333,19,23,,
T,2021-09-14 18:36:59,40.69442358,-73.98597231,4,-14.943,,0.270,324,19,23,,
T,2021-09-14 18:37:00,40.69442677,-73.98598533,5,-15.519,,0.910,283,19,23,,
T,2021-09-14 18:37:01,40.69442660,-73.98599901,5,-15.818,,0.740,270,20,23,,
T,2021-09-14 18:37:02,40.69442438,-73.98601325,4,-16.178,,0.730,265,20,23,,
T,2021-09-14 18:37:03,40.69442520,-73.98602673,5,-16.759,,0.750,283,20,23,,
T,2021-09-14 18:37:04,40.69442650,-73.98603444,5,-16.847,,0.310,308,20,23,,
